Year,Player,Age,Team,Pred_Att,Actual_Att,Pred_Yds,Actual_Yds,Pred_TD,Actual_TD,Att_Error,Yds_Error,TD_Error,Att_Error_Pct,Yds_Error_Pct
2011,Michael Turner,29,ATL,238,301,956,1340,6,11,63,384,5,20.930232558139537,28.65671641791045
2011,Steven Jackson,28,STL,286,260,1159,1145,6,5,26,14,1,10.0,1.222707423580786
2011,Arian Foster,25,HOU,304,278,1365,1224,12,10,26,141,2,9.352517985611511,11.519607843137255
2011,Rashard Mendenhall,24,PIT,222,228,982,928,5,9,6,54,4,2.6315789473684212,5.818965517241379
2011,Cedric Benson,29,CIN,227,273,909,1067,6,6,46,158,0,16.84981684981685,14.807872539831303
2011,Chris Johnson,26,TEN,274,262,1185,1047,7,4,12,138,3,4.580152671755725,13.180515759312321
2011,Ray Rice,24,BAL,276,291,1154,1364,7,12,15,210,5,5.154639175257732,15.395894428152493
2011,Maurice Jones-Drew,26,JAX,284,343,1202,1606,6,8,59,404,2,17.20116618075802,25.155666251556664
2011,Adrian Peterson,26,MIN,265,208,1057,970,5,12,57,87,7,27.403846153846153,8.969072164948454
2011,Ahmad Bradshaw,25,NYG,240,171,1043,659,5,9,69,384,4,40.35087719298246,58.2701062215478
2011,Peyton Hillis,25,CLE,239,161,1066,587,6,3,78,479,3,48.4472049689441,81.60136286201022
2011,Thomas Jones,33,KAN,132,153,493,478,3,0,21,15,3,13.72549019607843,3.1380753138075312
2011,Matt Forte,26,CHI,225,203,888,997,5,3,22,109,2,10.83743842364532,10.932798395185557
2011,Jamaal Charles,25,KAN,237,12,1233,83,6,0,225,1150,6,1875.0,1385.5421686746988
2011,BenJarvus Green-Ellis,26,NWE,174,181,706,667,6,11,7,39,5,3.867403314917127,5.847076461769116
2011,Darren McFadden,24,OAK,229,113,1146,614,6,4,116,532,2,102.65486725663717,86.64495114006515
2011,Fred Jackson,30,BUF,174,170,704,934,4,6,4,230,2,2.3529411764705883,24.62526766595289
2011,LaDainian Tomlinson,32,NYJ,162,75,691,280,3,1,87,411,2,116.0,146.78571428571428
2011,LeSean McCoy,23,PHI,214,273,993,1309,6,17,59,316,11,21.611721611721613,24.140565317035904
2011,Frank Gore,28,SFO,183,282,798,1211,4,8,99,413,4,35.1063829787234,34.104046242774565
2011,Marshawn Lynch,25,2TM,134,285,466,1204,4,12,151,738,8,52.98245614035088,61.29568106312292
2011,Marshawn Lynch,25,2TM,126,285,451,1204,4,12,159,753,8,55.78947368421053,62.541528239202655
2011,Marshawn Lynch,25,2TM,134,285,467,1204,4,12,151,737,8,52.98245614035088,61.21262458471761
2011,Marshawn Lynch,25,SEA,128,285,470,1204,3,12,157,734,9,55.08771929824562,60.96345514950166
2011,Marshawn Lynch,25,SEA,125,285,436,1204,3,12,160,768,9,56.14035087719298,63.78737541528239
2011,Marshawn Lynch,25,SEA,127,285,464,1204,3,12,158,740,9,55.43859649122807,61.461794019933556
2011,LeGarrette Blount,25,TAM,156,184,687,781,5,5,28,94,0,15.217391304347826,12.03585147247119
2011,Ronnie Brown,30,MIA,125,42,466,136,2,1,83,330,1,197.61904761904762,242.64705882352942
2011,Shonn Greene,26,NYJ,170,253,630,1054,3,6,83,424,3,32.80632411067194,40.22770398481973
2011,Felix Jones,24,DAL,147,127,671,575,2,1,20,96,1,15.748031496062993,16.695652173913043
2011,Knowshon Moreno,24,DEN,168,37,674,179,4,0,131,495,4,354.05405405405406,276.536312849162
2011,Mike Tolbert,26,SDG,149,121,594,490,6,8,28,104,2,23.140495867768596,21.224489795918366
2011,Jonathan Stewart,24,CAR,152,142,589,761,3,4,10,172,1,7.042253521126761,22.601839684625492
2011,Jahvid Best,22,DET,124,84,479,390,3,2,40,89,1,47.61904761904762,22.82051282051282
2011,Ryan Torain,25,WAS,216,59,856,200,5,1,157,656,4,266.10169491525426,328.0
2011,Ricky Williams,34,MIA,139,108,622,444,3,2,31,178,1,28.703703703703702,40.090090090090094
2011,Michael Bush,27,OAK,136,256,566,977,4,7,120,411,3,46.875,42.0675537359263
2011,Ryan Mathews,24,SDG,164,222,651,1091,5,6,58,440,1,26.126126126126128,40.329972502291476
2011,Tim Hightower,25,ARI,134,84,581,321,5,1,50,260,4,59.523809523809526,80.99688473520249
2011,Brandon Jacobs,29,NYG,146,152,606,571,4,7,6,35,3,3.9473684210526314,6.129597197898423
2011,Chris Ivory,23,NOR,148,79,614,374,4,1,69,240,3,87.34177215189874,64.1711229946524
2011,Donald Brown,24,IND,108,134,456,645,2,5,26,189,3,19.402985074626866,29.302325581395348
2011,Cadillac Williams,29,TAM,73,87,280,361,1,1,14,81,0,16.091954022988507,22.437673130193907
2011,Justin Forsett,26,SEA,89,46,446,145,2,1,43,301,1,93.47826086956522,207.58620689655172
2011,Joseph Addai,28,IND,154,118,582,433,4,1,36,149,3,30.508474576271187,34.41108545034642
2011,Beanie Wells,23,ARI,109,245,472,1047,3,10,136,575,7,55.51020408163265,54.91881566380134
2011,Marion Barber III,28,DAL,89,114,328,422,2,6,25,94,4,21.92982456140351,22.274881516587676
2011,Chester Taylor,32,CHI,66,20,235,77,2,1,46,158,1,230.0,205.19480519480518
2011,Willis McGahee,30,BAL,82,249,302,1199,3,4,167,897,1,67.06827309236948,74.81234361968306
2011,Michael Vick,31,PHI,95,76,499,589,3,1,19,90,2,25.0,15.280135823429541
2011,Danny Woodhead,26,NWE,118,77,519,351,3,1,41,168,2,53.246753246753244,47.863247863247864
2011,Maurice Morris,32,DET,47,80,189,316,1,1,33,127,0,41.25,40.18987341772152
2011,Jason Snelling,28,ATL,83,44,269,151,1,0,39,118,1,88.63636363636364,78.1456953642384
2011,DeAngelo Williams,28,CAR,133,155,580,836,3,7,22,256,4,14.193548387096774,30.62200956937799
2011,John Kuhn,29,GNB,75,30,272,78,2,4,45,194,2,150.0,248.71794871794873
2011,Pierre Thomas,27,NOR,134,110,604,562,3,5,24,42,2,21.818181818181817,7.473309608540926
2011,Toby Gerhart,24,MIN,72,109,304,531,1,1,37,227,0,33.944954128440365,42.749529190207156
2011,C.J. Spiller,24,BUF,75,107,322,561,2,4,32,239,2,29.906542056074766,42.60249554367201
2011,Jerome Harrison,28,2TM,87,14,350,41,2,0,73,309,2,521.4285714285714,753.6585365853658
2011,Jerome Harrison,28,2TM,82,14,344,41,2,0,68,303,2,485.7142857142857,739.0243902439024
2011,Jerome Harrison,28,2TM,85,14,340,41,2,0,71,299,2,507.14285714285717,729.2682926829268
2011,Anthony Dixon,24,SFO,100,29,322,87,3,2,71,235,1,244.82758620689654,270.11494252873564
2011,Josh Freeman,23,TAM,52,55,275,238,2,4,3,37,2,5.454545454545454,15.546218487394958
2011,Tashard Choice,27,DAL,66,57,237,152,2,1,9,85,1,15.789473684210526,55.921052631578945
2011,Keiland Williams,25,WAS,54,58,205,195,1,2,4,10,1,6.896551724137931,5.128205128205129
2011,Aaron Rodgers,28,GNB,49,60,248,257,2,3,11,9,1,18.333333333333332,3.501945525291829
2011,Bernard Scott,27,CIN,72,112,320,380,2,3,40,60,1,35.714285714285715,15.789473684210526
2011,Isaac Redman,27,PIT,71,110,320,479,1,3,39,159,2,35.45454545454545,33.194154488517746
2011,Javon Ringer,24,TEN,88,59,338,185,1,1,29,153,0,49.152542372881356,82.70270270270271
2011,Jay Cutler,28,CHI,40,18,166,55,1,1,22,111,0,122.22222222222223,201.8181818181818
2011,Darren Sproles,28,SDG,56,87,255,603,1,2,31,348,1,35.632183908045974,57.711442786069654
2011,Derrick Ward,31,HOU,67,45,309,154,2,2,22,155,0,48.888888888888886,100.64935064935065
2012,Maurice Jones-Drew,27,JAX,311,86,1349,414,9,1,225,935,8,261.6279069767442,225.84541062801932
2012,Michael Turner,30,ATL,220,222,1048,800,6,10,2,248,4,0.9009009009009009,31.0
2012,Ray Rice,25,BAL,262,257,1194,1143,7,9,5,51,2,1.9455252918287937,4.4619422572178475
2012,Marshawn Lynch,26,SEA,236,315,1008,1590,5,11,79,582,6,25.07936507936508,36.60377358490566
2012,Frank Gore,29,SFO,187,258,781,1214,4,8,71,433,4,27.51937984496124,35.667215815485996
2012,Arian Foster,26,HOU,257,351,1195,1424,7,15,94,229,8,26.78062678062678,16.081460674157302
2012,Cedric Benson,30,CIN,187,71,739,248,4,1,116,491,3,163.38028169014083,197.98387096774192
2012,LeSean McCoy,24,PHI,258,200,1222,840,9,2,58,382,7,29.0,45.476190476190474
2012,Chris Johnson,27,TEN,229,276,986,1243,4,6,47,257,2,17.028985507246375,20.67578439259855
2012,Steven Jackson,29,STL,187,258,862,1045,3,4,71,183,1,27.51937984496124,17.51196172248804
2012,Michael Bush,28,OAK,164,114,693,411,5,5,50,282,0,43.85964912280702,68.61313868613139
2012,Shonn Greene,27,NYJ,198,276,765,1063,3,8,78,298,5,28.26086956521739,28.033866415804326
2012,Willis McGahee,31,DEN,185,167,814,731,4,4,18,83,0,10.778443113772456,11.354309165526676
2012,Beanie Wells,24,ARI,185,88,782,234,5,5,97,548,0,110.22727272727273,234.18803418803418
2012,Rashard Mendenhall,25,PIT,184,51,706,182,4,0,133,524,4,260.7843137254902,287.9120879120879
2012,Ryan Mathews,25,SDG,202,184,968,707,5,1,18,261,4,9.782608695652174,36.916548797736915
2012,Reggie Bush,27,MIA,184,227,793,986,4,6,43,193,2,18.94273127753304,19.574036511156187
2012,Adrian Peterson,27,MIN,202,348,843,2097,6,12,146,1254,6,41.95402298850575,59.7997138769671
2012,Matt Forte,27,CHI,214,248,999,1094,5,5,34,95,0,13.709677419354838,8.683729433272395
2012,LeGarrette Blount,26,TAM,152,41,597,151,4,2,111,446,2,270.7317073170732,295.36423841059604
2012,BenJarvus Green-Ellis,27,NWE,128,278,495,1094,6,6,150,599,0,53.9568345323741,54.75319926873858
2012,Ben Tate,24,HOU,193,65,782,279,4,2,128,503,2,196.92307692307693,180.28673835125448
2012,Ahmad Bradshaw,26,NYG,141,221,587,1015,5,6,80,428,1,36.199095022624434,42.16748768472906
2012,Fred Jackson,31,BUF,173,115,879,437,5,3,58,442,2,50.43478260869565,101.1441647597254
2012,Daniel Thomas,25,MIA,118,91,429,325,2,4,27,104,2,29.67032967032967,32.0
2012,DeMarco Murray,24,DAL,192,161,810,663,4,4,31,147,0,19.25465838509317,22.171945701357465
2012,Peyton Hillis,26,CLE,150,85,560,309,3,1,65,251,2,76.47058823529412,81.22977346278317
2012,DeAngelo Williams,29,CAR,154,173,634,737,4,5,19,103,1,10.982658959537572,13.975576662143826
2012,Brandon Jacobs,30,NYG,75,5,247,7,2,0,70,240,2,1400.0,3428.5714285714284
2012,Roy Helu,24,WAS,125,2,485,2,2,0,123,483,2,6150.0,24150.0
2012,Jackie Battle,29,KAN,121,95,453,311,2,3,26,142,1,27.36842105263158,45.659163987138264
2012,Jonathan Stewart,25,CAR,132,93,655,336,3,1,39,319,2,41.935483870967744,94.94047619047619
2012,Donald Brown,25,IND,130,108,535,417,4,1,22,118,3,20.37037037037037,28.297362110311752
2012,Ryan Grant,30,GNB,110,32,386,132,2,2,78,254,0,243.75,192.42424242424244
2012,James Starks,26,GNB,140,71,556,255,2,1,69,301,1,97.1830985915493,118.03921568627452
2012,Felix Jones,25,DAL,112,111,429,402,2,3,1,27,1,0.9009009009009009,6.7164179104477615
2012,Cam Newton,23,CAR,114,127,559,741,4,8,13,182,4,10.236220472440944,24.56140350877193
2012,Mark Ingram,23,NOR,117,156,442,602,2,5,39,160,3,25.0,26.578073089700997
2012,Tim Tebow,25,DEN,112,32,558,102,4,0,80,456,4,250.0,447.05882352941177
2012,Mike Tolbert,27,SDG,139,54,627,183,3,7,85,444,4,157.40740740740742,242.62295081967213
2012,Dexter McCluster,23,KAN,86,12,450,70,2,0,74,380,2,616.6666666666666,542.8571428571429
2012,Darren McFadden,25,OAK,195,216,839,707,4,2,21,132,2,9.722222222222221,18.67043847241867
2012,Kendall Hunter,24,SFO,106,72,480,371,2,2,34,109,0,47.22222222222222,29.380053908355794
2012,Bernard Scott,28,CIN,82,8,284,35,2,0,74,249,2,925.0,711.4285714285714
2012,Isaac Redman,28,PIT,89,110,375,410,2,2,21,35,0,19.09090909090909,8.536585365853659
2012,Pierre Thomas,28,NOR,102,105,434,473,2,1,3,39,1,2.857142857142857,8.24524312896406
2012,Toby Gerhart,25,MIN,90,50,380,169,2,1,40,211,1,80.0,124.85207100591715
2012,C.J. Spiller,25,BUF,84,207,328,1244,2,6,123,916,4,59.42028985507246,73.63344051446946
2012,Delone Carter,25,IND,69,32,235,122,2,3,37,113,1,115.625,92.62295081967213
2012,Lance Ball,27,DEN,86,42,334,158,2,1,44,176,1,104.76190476190476,111.39240506329114
2012,Montario Hardesty,25,CLE,94,65,345,271,3,1,29,74,2,44.61538461538461,27.30627306273063
2012,Stevan Ridley,23,NWE,114,290,412,1263,3,12,176,851,9,60.689655172413794,67.37925574030088
2012,Darren Sproles,29,NOR,116,48,662,244,4,1,68,418,3,141.66666666666666,171.31147540983608
2012,Kahlil Bell,26,CHI,77,29,297,76,1,0,48,221,1,165.51724137931035,290.7894736842105
2012,Chris Ivory,24,NOR,122,40,577,217,3,2,82,360,1,205.0,165.89861751152074
2012,Danny Woodhead,27,NWE,51,76,197,301,1,4,25,104,3,32.89473684210526,34.5514950166113
2012,Michael Vick,32,PHI,73,62,464,332,3,1,11,132,2,17.741935483870968,39.75903614457831
2012,Chris Ogbonnaya,26,2TM,61,8,252,30,1,0,53,222,1,662.5,740.0
2012,Chris Ogbonnaya,26,2TM,70,8,316,30,3,0,62,286,3,775.0,953.3333333333334
2012,Chris Ogbonnaya,26,2TM,61,8,252,30,1,0,53,222,1,662.5,740.0
2012,Chris Ogbonnaya,26,CLE,71,8,313,30,2,0,63,283,2,787.5,943.3333333333334
2012,Chris Ogbonnaya,26,CLE,78,8,368,30,3,0,70,338,3,875.0,1126.6666666666667
2012,Chris Ogbonnaya,26,CLE,71,8,313,30,2,0,63,283,2,787.5,943.3333333333334
2012,Kevin Smith,26,DET,135,37,572,134,3,1,98,438,2,264.86486486486484,326.86567164179104
2012,Colt McCoy,26,CLE,41,4,173,15,1,0,37,158,1,925.0,1053.3333333333333
2012,Aaron Rodgers,29,GNB,43,54,215,259,1,2,11,44,1,20.37037037037037,16.98841698841699
2012,Javon Ringer,25,TEN,61,2,229,14,2,0,59,215,2,2950.0,1535.7142857142858
2012,Keiland Williams,26,DET,54,2,219,3,1,0,52,216,1,2600.0,7200.0
2012,Jacquizz Rodgers,22,ATL,83,94,308,362,2,1,11,54,1,11.702127659574469,14.917127071823204
2012,Tashard Choice,28,3TM,48,47,207,193,1,1,1,14,0,2.127659574468085,7.253886010362694
2012,Tashard Choice,28,3TM,35,47,111,193,1,1,12,82,0,25.53191489361702,42.487046632124354
2012,Tashard Choice,28,3TM,44,47,171,193,2,1,3,22,1,6.382978723404255,11.398963730569948
2012,Tashard Choice,28,3TM,39,47,139,193,1,1,8,54,0,17.02127659574468,27.979274611398964
2012,Ryan Fitzpatrick,30,BUF,41,48,160,197,1,1,7,37,0,14.583333333333334,18.781725888324875
2012,Evan Royster,25,WAS,145,23,630,88,3,2,122,542,1,530.4347826086956,615.9090909090909
2012,Josh Freeman,24,TAM,42,39,192,139,1,0,3,53,1,7.6923076923076925,38.1294964028777
2012,Leon Washington,30,SEA,42,23,185,83,1,1,19,102,0,82.6086956521739,122.89156626506023
2012,Percy Harvin,24,MIN,51,22,304,96,1,1,29,208,0,131.8181818181818,216.66666666666666
2012,Alex Smith,28,SFO,34,31,123,132,1,0,3,9,1,9.67741935483871,6.818181818181818
2013,Arian Foster,27,HOU,281,121,1283,542,9,1,160,741,8,132.23140495867767,136.71586715867159
2013,Adrian Peterson,28,MIN,285,279,1293,1266,8,10,6,27,2,2.150537634408602,2.132701421800948
2013,Alfred Morris,25,WAS,280,276,1256,1275,8,7,4,19,1,1.4492753623188406,1.4901960784313726
2013,Doug Martin,24,TAM,306,127,1369,456,8,1,179,913,7,140.9448818897638,200.21929824561403
2013,Marshawn Lynch,27,SEA,276,301,1274,1257,9,12,25,17,3,8.305647840531561,1.3524264120922833
2013,Stevan Ridley,24,NWE,232,178,899,773,6,7,54,126,1,30.337078651685392,16.30012936610608
2013,Jamaal Charles,27,KAN,256,259,1115,1287,6,12,3,172,6,1.1583011583011582,13.364413364413364
2013,BenJarvus Green-Ellis,28,CIN,200,220,895,756,4,7,20,139,3,9.090909090909092,18.386243386243386
2013,Shonn Greene,28,NYJ,186,77,789,295,4,4,109,494,0,141.55844155844156,167.45762711864407
2013,Chris Johnson,28,TEN,222,279,875,1077,3,6,57,202,3,20.43010752688172,18.755803156917363
2013,Trent Richardson,23,CLE,220,188,845,563,6,3,32,282,3,17.02127659574468,50.08880994671403
2013,Frank Gore,30,SFO,215,276,906,1128,3,9,61,222,6,22.10144927536232,19.680851063829788
2013,Steven Jackson,30,STL,188,157,795,543,3,6,31,252,3,19.745222929936304,46.408839779005525
2013,Ray Rice,26,BAL,241,214,996,660,5,4,27,336,1,12.616822429906541,50.90909090909091
2013,Matt Forte,28,CHI,198,289,862,1339,4,9,91,477,5,31.4878892733564,35.623599701269605
2013,Reggie Bush,28,MIA,161,223,669,1006,3,4,62,337,1,27.80269058295964,33.49900596421471
2013,Ahmad Bradshaw,27,NYG,192,41,823,186,4,2,151,637,2,368.2926829268293,342.4731182795699
2013,Darren McFadden,26,OAK,167,114,687,379,3,5,53,308,2,46.49122807017544,81.2664907651715
2013,Mikel Leshoure,23,DET,148,2,588,9,5,0,146,579,5,7300.0,6433.333333333333
2013,Vick Ballard,23,IND,164,13,632,63,3,0,151,569,3,1161.5384615384614,903.1746031746031
2013,C.J. Spiller,26,BUF,208,202,1117,933,5,2,6,184,3,2.9702970297029703,19.721329046087888
2013,LeSean McCoy,25,PHI,196,314,780,1607,5,9,118,827,4,37.5796178343949,51.46235220908525
2013,Ryan Mathews,26,SDG,154,285,570,1255,2,6,131,685,4,45.96491228070175,54.581673306772906
2013,DeAngelo Williams,30,CAR,110,201,472,843,3,3,91,371,0,45.27363184079602,44.009489916963226
2013,Willis McGahee,32,DEN,139,138,530,377,3,2,1,153,1,0.7246376811594203,40.58355437665782
2013,DeMarco Murray,25,DAL,170,217,643,1121,3,9,47,478,6,21.658986175115206,42.64049955396967
2013,Jonathan Dwyer,24,PIT,138,49,558,197,2,0,89,361,2,181.6326530612245,183.248730964467
2013,Mark Ingram,24,NOR,126,78,517,386,4,1,48,131,3,61.53846153846154,33.93782383419689
2013,Knowshon Moreno,26,DEN,185,241,730,1038,4,10,56,308,6,23.236514522821576,29.672447013487474
2013,Alex Green,25,GNB,102,11,384,35,2,0,91,349,2,827.2727272727273,997.1428571428571
2013,Cam Newton,24,CAR,110,111,586,585,4,6,1,1,2,0.9009009009009009,0.17094017094017094
2013,Robert Griffin III,23,WAS,101,86,556,489,4,0,15,67,4,17.441860465116278,13.701431492842536
2013,Bryce Brown,22,PHI,97,75,421,314,3,2,22,107,1,29.333333333333332,34.07643312101911
2013,Fred Jackson,32,BUF,71,206,332,890,1,9,135,558,8,65.53398058252426,62.69662921348315
2013,Michael Bush,29,CHI,85,63,364,197,3,3,22,167,0,34.92063492063492,84.77157360406092
2013,Felix Jones,26,DAL,60,48,240,184,1,0,12,56,1,25.0,30.434782608695652
2013,Bilal Powell,25,NYJ,77,176,386,697,2,1,99,311,1,56.25,44.61979913916786
2013,Isaac Redman,29,PIT,90,10,358,12,2,0,80,346,2,800.0,2883.3333333333335
2013,LaRod Stephens-Howling,26,ARI,54,6,285,19,2,0,48,266,2,800.0,1400.0
2013,Donald Brown,26,IND,91,102,376,537,2,6,11,161,4,10.784313725490197,29.981378026070765
2013,Bernard Pierce,22,BAL,107,152,456,436,3,2,45,20,1,29.605263157894736,4.587155963302752
2013,Pierre Thomas,29,NOR,90,147,426,549,1,2,57,123,1,38.775510204081634,22.404371584699454
2013,Rashad Jennings,28,JAX,77,163,292,733,2,6,86,441,4,52.760736196319016,60.16371077762619
2013,Daryl Richardson,23,STL,98,69,450,215,2,0,29,235,2,42.028985507246375,109.30232558139535
2013,Jackie Battle,30,SDG,60,36,226,142,2,1,24,84,1,66.66666666666667,59.15492957746479
2013,Jacquizz Rodgers,23,ATL,112,96,365,332,2,2,16,33,0,16.666666666666668,9.939759036144578
2013,Russell Wilson,25,SEA,62,96,323,539,2,1,34,216,1,35.416666666666664,40.07421150278293
2013,Jonathan Stewart,26,CAR,89,48,366,180,2,0,41,186,2,85.41666666666667,103.33333333333333
2013,Daniel Thomas,26,MIA,92,109,373,406,2,4,17,33,2,15.596330275229358,8.12807881773399
2013,Maurice Jones-Drew,28,JAX,174,234,684,803,4,5,60,119,1,25.641025641025642,14.819427148194272
2013,Peyton Hillis,27,KAN,89,73,304,247,2,2,16,57,0,21.91780821917808,23.076923076923077
2013,Ronnie Hillman,22,DEN,101,55,391,218,2,1,46,173,1,83.63636363636364,79.35779816513761
2013,Joique Bell,27,DET,100,166,395,650,2,8,66,255,6,39.75903614457831,39.23076923076923
2013,Robert Turbin,24,SEA,105,77,438,264,3,0,28,174,3,36.36363636363637,65.9090909090909
2013,Danny Woodhead,28,NWE,81,106,265,429,1,2,25,164,1,23.58490566037736,38.22843822843823
2013,Andre Brown,27,NYG,99,139,422,492,2,3,40,70,1,28.776978417266186,14.227642276422765
2013,Kendall Hunter,25,SFO,95,78,374,358,2,3,17,16,1,21.794871794871796,4.4692737430167595
2013,James Starks,27,GNB,89,89,416,493,2,3,0,77,1,0.0,15.61866125760649
2013,David Wilson,22,NYG,101,44,483,146,3,1,57,337,2,129.54545454545453,230.82191780821918
2013,Ben Tate,25,HOU,108,181,360,771,2,4,73,411,2,40.331491712707184,53.30739299610895
2013,Justin Forsett,28,HOU,88,6,407,31,3,0,82,376,3,1366.6666666666667,1212.9032258064517
2013,Colin Kaepernick,26,SFO,72,92,390,524,3,4,20,134,1,21.73913043478261,25.572519083969464
2013,Andrew Luck,24,IND,45,63,203,377,2,4,18,174,2,28.571428571428573,46.15384615384615
2013,Shane Vereen,24,NWE,77,44,308,208,3,1,33,100,2,75.0,48.07692307692308
2013,Michael Vick,33,PHI,44,36,248,306,2,2,8,58,0,22.22222222222222,18.954248366013072
2013,Christian Ponder,25,MIN,42,34,186,151,1,4,8,35,3,23.529411764705884,23.178807947019866
2013,Shaun Draughn,26,KAN,61,4,252,2,1,0,57,250,1,1425.0,12500.0
2013,Marcel Reece,28,OAK,59,46,256,218,1,2,13,38,1,28.26086956521739,17.431192660550458
2013,Brandon Bolden,23,NWE,113,55,479,271,4,3,58,208,1,105.45454545454545,76.75276752767527
2013,Aaron Rodgers,30,GNB,44,30,195,120,1,0,14,75,1,46.666666666666664,62.5
2013,Mike Tolbert,28,CAR,45,101,150,361,2,5,56,211,3,55.445544554455445,58.448753462603875
2013,Rashard Mendenhall,26,PIT,84,217,375,687,1,8,133,312,7,61.29032258064516,45.414847161572055
2013,Lamar Miller,22,MIA,82,177,322,709,1,2,95,387,1,53.67231638418079,54.58392101551481
2013,Toby Gerhart,26,MIN,49,36,168,283,0,2,13,115,2,36.111111111111114,40.63604240282685
2014,LeSean McCoy,26,PHI,321,312,1386,1319,10,5,9,67,5,2.8846153846153846,5.079605761940864
2014,Marshawn Lynch,28,SEA,260,280,1045,1306,6,13,20,261,7,7.142857142857143,19.98468606431853
2014,Matt Forte,29,CHI,257,266,1114,1038,6,6,9,76,0,3.3834586466165413,7.321772639691715
2014,Ryan Mathews,27,SDG,231,74,946,330,4,3,157,616,1,212.16216216216216,186.66666666666666
2014,Eddie Lacy,24,GNB,242,246,944,1139,5,9,4,195,4,1.6260162601626016,17.120280948200175
2014,Chris Johnson,29,TEN,184,155,699,663,3,1,29,36,2,18.70967741935484,5.429864253393665
2014,Adrian Peterson,29,MIN,219,21,953,75,5,0,198,878,5,942.8571428571429,1170.6666666666667
2014,Frank Gore,31,SFO,190,255,796,1106,4,4,65,310,0,25.49019607843137,28.028933092224232
2014,Alfred Morris,26,WAS,228,265,929,1074,5,8,37,145,3,13.962264150943396,13.500931098696462
2014,Jamaal Charles,28,KAN,231,206,1137,1033,6,9,25,104,3,12.135922330097088,10.067763794772507
2014,Zac Stacy,23,STL,225,76,817,293,4,1,149,524,3,196.05263157894737,178.839590443686
2014,Le'Veon Bell,22,PIT,203,290,788,1361,5,8,87,573,3,30.0,42.10139603232917
2014,Knowshon Moreno,27,DEN,194,31,764,148,5,1,163,616,4,525.8064516129032,416.2162162162162
2014,Maurice Jones-Drew,29,JAX,128,43,505,96,2,0,85,409,2,197.67441860465115,426.0416666666667
2014,Reggie Bush,29,DET,183,76,819,297,4,2,107,522,2,140.78947368421052,175.75757575757575
2014,DeMarco Murray,26,DAL,223,392,990,1845,5,13,169,855,8,43.11224489795919,46.34146341463415
2014,Fred Jackson,33,BUF,139,141,599,525,4,2,2,74,2,1.4184397163120568,14.095238095238095
2014,C.J. Spiller,27,BUF,183,78,700,300,4,0,105,400,4,134.6153846153846,133.33333333333334
2014,DeAngelo Williams,31,CAR,109,62,464,219,2,0,47,245,2,75.80645161290323,111.87214611872146
2014,Trent Richardson,24,2TM,90,159,349,519,1,3,69,170,2,43.39622641509434,32.75529865125241
2014,Trent Richardson,24,2TM,106,159,356,519,3,3,53,163,0,33.333333333333336,31.40655105973025
2014,Trent Richardson,24,2TM,94,159,367,519,2,3,65,152,1,40.880503144654085,29.28709055876686
2014,Trent Richardson,24,IND,80,159,289,519,1,3,79,230,2,49.685534591194966,44.3159922928709
2014,Trent Richardson,24,IND,97,159,331,519,3,3,62,188,0,38.9937106918239,36.22350674373796
2014,Trent Richardson,24,IND,87,159,300,519,1,3,72,219,2,45.283018867924525,42.19653179190752
2014,Chris Ivory,26,NYJ,142,198,557,821,3,6,56,264,3,28.282828282828284,32.155907429963456
2014,Ben Tate,26,HOU,108,119,508,371,3,4,11,137,1,9.243697478991596,36.92722371967655
2014,Stevan Ridley,25,NWE,145,94,552,340,3,2,51,212,1,54.255319148936174,62.35294117647059
2014,Lamar Miller,23,MIA,145,216,569,1099,3,8,71,530,5,32.870370370370374,48.22565969062784
2014,Bilal Powell,26,NYJ,110,33,432,141,1,1,77,291,0,233.33333333333334,206.38297872340425
2014,Giovani Bernard,23,CIN,152,168,719,680,5,5,16,39,0,9.523809523809524,5.735294117647059
2014,Joique Bell,28,DET,140,223,563,860,4,7,83,297,3,37.219730941704036,34.53488372093023
2014,Rashad Jennings,29,OAK,117,167,476,639,2,4,50,163,2,29.940119760479043,25.508607198748045
2014,Steven Jackson,31,ATL,85,190,348,707,2,6,105,359,4,55.26315789473684,50.777934936350775
2014,LeGarrette Blount,28,NWE,162,125,563,547,4,5,37,16,1,29.6,2.9250457038391224
2014,Bernard Pierce,23,BAL,100,93,397,366,2,2,7,31,0,7.526881720430108,8.469945355191257
2014,Bobby Rainey,27,2TM,92,94,360,406,3,1,2,46,2,2.127659574468085,11.330049261083744
2014,Bobby Rainey,27,2TM,118,94,369,406,3,1,24,37,2,25.53191489361702,9.113300492610838
2014,Bobby Rainey,27,2TM,107,94,362,406,3,1,13,44,2,13.829787234042554,10.83743842364532
2014,Bobby Rainey,27,TAM,123,94,499,406,3,1,29,93,2,30.851063829787233,22.9064039408867
2014,Bobby Rainey,27,TAM,122,94,441,406,3,1,28,35,2,29.78723404255319,8.620689655172415
2014,Bobby Rainey,27,TAM,119,94,491,406,3,1,25,85,2,26.595744680851062,20.935960591133004
2014,Pierre Thomas,30,NOR,109,45,420,222,3,2,64,198,1,142.22222222222223,89.1891891891892
2014,Doug Martin,25,TAM,159,134,623,494,3,2,25,129,1,18.65671641791045,26.11336032388664
2014,Arian Foster,28,HOU,151,260,733,1246,3,8,109,513,5,41.92307692307692,41.17174959871589
2014,Montee Ball,24,DEN,123,55,467,172,3,1,68,295,2,123.63636363636364,171.51162790697674
2014,Andre Ellington,25,ARI,136,201,613,660,2,3,65,47,1,32.33830845771144,7.121212121212121
2014,Darren McFadden,27,OAK,87,155,343,534,2,2,68,191,0,43.87096774193548,35.767790262172284
2014,Cam Newton,25,CAR,102,103,535,539,3,5,1,4,2,0.970873786407767,0.7421150278293135
2014,Daniel Thomas,27,MIA,96,44,324,168,2,2,52,156,0,118.18181818181819,92.85714285714286
2014,Danny Woodhead,29,SDG,103,15,431,38,2,0,88,393,2,586.6666666666666,1034.2105263157894
2014,Donald Brown,27,IND,83,85,343,223,2,0,2,120,2,2.3529411764705883,53.81165919282511
2014,Mike Tolbert,29,CAR,46,37,172,78,1,0,9,94,1,24.324324324324323,120.51282051282051
2014,Jacquizz Rodgers,24,ATL,57,58,267,217,1,1,1,50,0,1.7241379310344827,23.04147465437788
2014,Russell Wilson,26,SEA,62,118,357,849,2,6,56,492,4,47.45762711864407,57.95053003533569
2014,Colin Kaepernick,27,SFO,68,104,325,639,2,1,36,314,1,34.61538461538461,49.13928012519562
2014,James Starks,28,GNB,97,85,449,333,2,2,12,116,0,14.117647058823529,34.83483483483484
2014,Robert Griffin III,24,WAS,78,38,463,176,3,1,40,287,2,105.26315789473684,163.0681818181818
2014,Mark Ingram,25,NOR,72,226,335,964,2,9,154,629,7,68.14159292035399,65.24896265560166
2014,Shonn Greene,29,TEN,86,94,321,392,2,2,8,71,0,8.51063829787234,18.112244897959183
2014,Robert Turbin,25,SEA,69,74,247,310,1,0,5,63,1,6.756756756756757,20.322580645161292
2014,Alex Smith,30,KAN,61,49,300,254,3,1,12,46,2,24.489795918367346,18.11023622047244
2014,Jordan Todman,24,JAX,77,32,309,186,1,1,45,123,0,140.625,66.12903225806451
2014,Bryce Brown,23,PHI,88,36,327,126,2,0,52,201,2,144.44444444444446,159.52380952380952
2014,Peyton Hillis,28,NYG,124,26,512,115,3,0,98,397,3,376.9230769230769,345.2173913043478
2014,Geno Smith,24,NYJ,49,59,250,238,2,1,10,12,1,16.949152542372882,5.042016806722689
2014,Knile Davis,23,KAN,66,134,260,463,2,6,68,203,4,50.74626865671642,43.84449244060475
2014,Andrew Luck,25,IND,50,64,264,273,2,3,14,9,1,21.875,3.2967032967032965
2014,Roy Helu,26,WAS,68,40,243,216,2,1,28,27,1,70.0,12.5
2014,Andy Dalton,27,CIN,42,60,193,169,1,4,18,24,3,30.0,14.201183431952662
2014,Mike James,23,TAM,88,19,403,37,2,0,69,366,2,363.1578947368421,989.1891891891892
2014,Nick Foles,25,PHI,46,16,236,68,1,0,30,168,1,187.5,247.05882352941177
2014,Brandon Bolden,24,NWE,79,28,294,89,1,1,51,205,0,182.14285714285714,230.3370786516854
2014,Ronnie Hillman,23,DEN,103,106,461,434,2,3,3,27,1,2.830188679245283,6.221198156682028
2014,Joseph Randle,23,DAL,58,51,227,343,1,3,7,116,2,13.72549019607843,33.819241982507286
2014,Khiry Robinson,25,NOR,82,76,407,362,2,3,6,45,1,7.894736842105263,12.430939226519337
2014,EJ Manuel,24,BUF,37,16,211,52,2,1,21,159,1,131.25,305.7692307692308
2014,Darren Sproles,31,NOR,47,57,223,329,1,6,10,106,5,17.54385964912281,32.21884498480243
2015,DeMarco Murray,27,DAL,288,193,1161,702,8,6,95,459,2,49.22279792746114,65.38461538461539
2015,LeSean McCoy,27,PHI,268,203,1081,895,6,3,65,186,3,32.01970443349754,20.782122905027933
2015,Le'Veon Bell,23,PIT,263,113,1201,556,7,3,150,645,4,132.7433628318584,116.00719424460432
2015,Marshawn Lynch,29,SEA,235,111,1064,417,7,3,124,647,4,111.71171171171171,155.1558752997602
2015,Matt Forte,30,CHI,180,218,795,898,5,4,38,103,1,17.431192660550458,11.469933184855234
2015,Alfred Morris,27,WAS,199,202,738,751,4,1,3,13,3,1.4851485148514851,1.7310252996005326
2015,Arian Foster,29,HOU,209,63,1070,163,5,1,146,907,4,231.74603174603175,556.4417177914111
2015,Frank Gore,32,SFO,164,260,746,967,3,6,96,221,3,36.92307692307692,22.854188210961738
2015,Eddie Lacy,25,GNB,220,187,885,758,5,3,33,127,2,17.647058823529413,16.75461741424802
2015,Justin Forsett,30,BAL,209,151,832,641,4,2,58,191,2,38.41059602649007,29.797191887675506
2015,Mark Ingram,26,NOR,196,166,788,769,6,6,30,19,0,18.072289156626507,2.4707412223667102
2015,Joique Bell,29,DET,136,90,552,311,4,4,46,241,0,51.111111111111114,77.49196141479099
2015,Jeremy Hill,23,CIN,198,223,871,794,5,11,25,77,6,11.210762331838565,9.697732997481108
2015,Andre Williams,23,NYG,140,88,624,257,4,1,52,367,3,59.09090909090909,142.80155642023345
2015,Lamar Miller,24,MIA,211,194,907,872,5,8,17,35,3,8.762886597938145,4.013761467889908
2015,Jamaal Charles,29,KAN,162,71,651,364,4,4,91,287,0,128.16901408450704,78.84615384615384
2015,Andre Ellington,26,ARI,149,45,587,289,2,3,104,298,1,231.11111111111111,103.11418685121107
2015,Chris Ivory,27,NYJ,150,247,562,1070,4,7,97,508,3,39.27125506072875,47.47663551401869
2015,Steven Jackson,32,ATL,130,21,438,50,3,1,109,388,2,519.047619047619,776.0
2015,C.J. Anderson,24,DEN,161,152,718,720,6,5,9,2,1,5.921052631578948,0.2777777777777778
2015,Tre Mason,22,STL,173,75,727,207,4,1,98,520,3,130.66666666666666,251.20772946859904
2015,Jonathan Stewart,28,CAR,159,242,633,989,4,6,83,356,2,34.29752066115702,35.99595551061678
2015,Terrance West,24,CLE,119,62,425,231,2,0,57,194,2,91.93548387096774,83.98268398268398
2015,Alfred Blue,24,HOU,107,183,430,698,2,2,76,268,0,41.53005464480874,38.39541547277937
2015,Giovani Bernard,24,CIN,150,154,722,730,3,2,4,8,1,2.5974025974025974,1.095890410958904
2015,Rashad Jennings,30,NYG,140,195,562,863,3,3,55,301,0,28.205128205128204,34.87833140208575
2015,Matt Asiata,28,MIN,92,29,393,112,3,0,63,281,3,217.24137931034483,250.89285714285714
2015,Branden Oliver,24,SDG,101,31,367,108,1,0,70,259,1,225.80645161290323,239.8148148148148
2015,Chris Johnson,30,NYJ,99,196,402,814,2,3,97,412,1,49.48979591836735,50.614250614250615
2015,Darren McFadden,28,OAK,79,239,267,1089,1,3,160,822,2,66.94560669456067,75.48209366391184
2015,Bishop Sankey,23,TEN,89,47,392,193,2,1,42,199,1,89.36170212765957,103.10880829015544
2015,Isaiah Crowell,22,CLE,123,185,522,706,3,4,62,184,1,33.513513513513516,26.062322946175637
2015,Fred Jackson,34,BUF,103,26,378,100,3,0,77,278,3,296.15384615384613,278.0
2015,Denard Robinson,25,JAX,98,67,381,266,2,1,31,115,1,46.26865671641791,43.233082706766915
2015,Knile Davis,24,KAN,107,28,415,72,2,1,79,343,1,282.14285714285717,476.3888888888889
2015,Doug Martin,26,TAM,95,288,414,1402,2,6,193,988,4,67.01388888888889,70.47075606276748
2015,LeGarrette Blount,29,2TM,113,165,401,703,4,6,52,302,2,31.515151515151516,42.95874822190612
2015,LeGarrette Blount,29,2TM,117,165,424,703,3,6,48,279,3,29.09090909090909,39.68705547652916
2015,LeGarrette Blount,29,2TM,120,165,421,703,4,6,45,282,2,27.272727272727273,40.11379800853485
2015,LeGarrette Blount,29,PIT,76,165,324,703,2,6,89,379,4,53.93939393939394,53.91180654338549
2015,LeGarrette Blount,29,PIT,64,165,311,703,2,6,101,392,4,61.21212121212121,55.76102418207682
2015,LeGarrette Blount,29,PIT,95,165,348,703,3,6,70,355,3,42.42424242424242,50.497866287339974
2015,LeGarrette Blount,29,NWE,141,165,586,703,3,6,24,117,3,14.545454545454545,16.642958748221908
2015,LeGarrette Blount,29,NWE,135,165,568,703,3,6,30,135,3,18.181818181818183,19.203413940256045
2015,LeGarrette Blount,29,NWE,124,165,497,703,3,6,41,206,3,24.848484848484848,29.30298719772404
2015,Russell Wilson,27,SEA,101,103,526,553,3,1,2,27,2,1.941747572815534,4.882459312839059
2015,Jerick McKinnon,23,MIN,134,52,613,271,3,2,82,342,1,157.69230769230768,126.19926199261992
2015,Ronnie Hillman,24,DEN,136,207,531,863,3,7,71,332,4,34.29951690821256,38.47045191193511
2015,Anthony Dixon,28,BUF,90,21,351,44,2,1,69,307,1,328.57142857142856,697.7272727272727
2015,Colin Kaepernick,28,SFO,84,45,489,256,3,1,39,233,2,86.66666666666667,91.015625
2015,Cam Newton,26,CAR,86,132,491,636,3,10,46,145,7,34.84848484848485,22.79874213836478
2015,Toby Gerhart,28,JAX,49,20,200,44,1,0,29,156,1,145.0,354.54545454545456
2015,Shane Vereen,26,NWE,66,61,302,260,1,0,5,42,1,8.19672131147541,16.153846153846153
2015,Bobby Rainey,28,TAM,64,5,263,18,1,0,59,245,1,1180.0,1361.111111111111
2015,Stevan Ridley,26,NWE,117,36,475,90,2,0,81,385,2,225.0,427.77777777777777
2015,Bernard Pierce,24,BAL,108,6,419,11,3,0,102,408,3,1700.0,3709.090909090909
2015,Ahmad Bradshaw,29,IND,135,31,545,85,2,0,104,460,2,335.48387096774195,541.1764705882352
2015,Jonas Gray,25,NWE,132,45,533,176,3,0,87,357,3,193.33333333333334,202.8409090909091
2015,Donald Brown,28,SDG,60,59,248,229,2,1,1,19,1,1.694915254237288,8.296943231441048
2015,James Starks,29,GNB,71,148,296,601,2,2,77,305,0,52.027027027027025,50.74875207986689
2015,Carlos Hyde,25,SFO,90,115,367,470,3,3,25,103,0,21.73913043478261,21.914893617021278
2015,Latavius Murray,25,OAK,69,266,301,1066,1,6,197,765,5,74.06015037593986,71.76360225140714
2015,Dan Herron,26,IND,61,25,268,79,1,0,36,189,1,144.0,239.2405063291139
2015,C.J. Spiller,28,BUF,75,36,331,112,2,0,39,219,2,108.33333333333333,195.53571428571428
2015,Reggie Bush,30,DET,56,8,195,28,1,0,48,167,1,600.0,596.4285714285714
2015,Khiry Robinson,26,NOR,84,56,371,180,2,4,28,191,2,50.0,106.11111111111111
2015,Zac Stacy,24,STL,53,31,215,89,1,1,22,126,0,70.96774193548387,141.57303370786516
2015,Ryan Mathews,28,SDG,120,106,482,539,2,6,14,57,4,13.20754716981132,10.575139146567718
2015,Robert Turbin,26,SEA,66,50,258,199,1,1,16,59,0,32.0,29.64824120603015
2015,Lorenzo Taliaferro,24,BAL,101,13,432,47,3,1,88,385,2,676.9230769230769,819.1489361702128
2015,Benny Cunningham,25,STL,63,37,261,140,1,0,26,121,1,70.27027027027027,86.42857142857143
2015,Charles Sims,25,TAM,82,107,396,529,2,0,25,133,2,23.364485981308412,25.141776937618147
2015,Devonta Freeman,23,ATL,78,265,249,1056,2,11,187,807,9,70.56603773584905,76.42045454545455
2015,Andrew Luck,26,IND,45,33,197,196,1,0,12,1,1,36.36363636363637,0.5102040816326531
2015,Stepfan Taylor,24,ARI,48,17,202,58,1,0,31,144,1,182.35294117647058,248.27586206896552
2015,DeAngelo Williams,32,CAR,81,200,311,907,2,11,119,596,9,59.5,65.71113561190738
2015,Andy Dalton,28,CIN,40,57,196,142,2,3,17,54,1,29.82456140350877,38.028169014084504
2015,Geno Smith,25,NYJ,39,2,184,34,1,0,37,150,1,1850.0,441.1764705882353
2015,Jacquizz Rodgers,25,ATL,57,14,234,41,1,0,43,193,1,307.14285714285717,470.7317073170732
2015,Darren Sproles,32,PHI,75,83,311,317,2,3,8,6,1,9.63855421686747,1.8927444794952681
2015,Blake Bortles,23,JAX,61,52,368,310,2,2,9,58,0,17.307692307692307,18.70967741935484
2015,Ryan Tannehill,27,MIA,52,32,242,141,2,1,20,101,1,62.5,71.63120567375887
2015,Juwan Thompson,23,DEN,80,18,458,48,3,0,62,410,3,344.44444444444446,854.1666666666666
2015,Kerwynn Williams,24,ARI,130,27,525,142,3,1,103,383,2,381.48148148148147,269.71830985915494
2015,Joseph Randle,24,DAL,89,76,508,315,2,4,13,193,2,17.105263157894736,61.26984126984127
2015,Ryan Fitzpatrick,33,HOU,37,60,175,270,1,2,23,95,1,38.333333333333336,35.18518518518518
2016,Adrian Peterson,31,MIN,264,37,1012,72,7,0,227,940,7,613.5135135135135,1305.5555555555557
2016,Doug Martin,27,TAM,267,144,1118,421,5,3,123,697,2,85.41666666666667,165.5581947743468
2016,Latavius Murray,26,OAK,212,195,810,788,4,12,17,22,8,8.717948717948717,2.7918781725888326
2016,Devonta Freeman,24,ATL,252,227,1022,1079,8,11,25,57,3,11.013215859030836,5.282669138090825
2016,Frank Gore,33,IND,174,263,666,1025,3,4,89,359,1,33.840304182509506,35.02439024390244
2016,Chris Ivory,28,NYJ,191,117,701,439,4,3,74,262,1,63.24786324786325,59.68109339407745
2016,Jonathan Stewart,29,CAR,197,218,799,824,4,9,21,25,5,9.63302752293578,3.033980582524272
2016,Darren McFadden,29,DAL,195,24,805,87,3,0,171,718,3,712.5,825.2873563218391
2016,Todd Gurley,22,STL,254,278,1065,885,6,6,24,180,0,8.633093525179856,20.338983050847457
2016,Jeremy Hill,24,CIN,118,222,494,839,5,9,104,345,4,46.846846846846844,41.12038140643623
2016,Matt Forte,31,CHI,154,218,651,813,3,7,64,162,4,29.357798165137616,19.92619926199262
2016,Ronnie Hillman,25,DEN,134,41,564,131,5,0,93,433,5,226.82926829268294,330.53435114503816
2016,LeSean McCoy,28,BUF,171,234,728,1267,4,13,63,539,9,26.923076923076923,42.5414364640884
2016,Alfred Morris,28,WAS,124,69,391,243,2,2,55,148,0,79.71014492753623,60.90534979423868
2016,DeAngelo Williams,33,PIT,130,98,555,343,6,4,32,212,2,32.6530612244898,61.80758017492711
2016,Chris Johnson,31,ARI,127,25,548,95,3,1,102,453,2,408.0,476.8421052631579
2016,Rashad Jennings,31,NYG,121,181,514,593,3,3,60,79,0,33.149171270718234,13.322091062394604
2016,Lamar Miller,25,MIA,166,268,639,1073,5,5,102,434,0,38.059701492537314,40.44734389561976
2016,DeMarco Murray,28,PHI,111,293,382,1287,2,9,182,905,7,62.1160409556314,70.31857031857032
2016,Eddie Lacy,26,GNB,131,71,503,360,3,0,60,143,3,84.50704225352112,39.72222222222222
2016,Isaiah Crowell,23,CLE,126,198,563,952,3,7,72,389,4,36.36363636363637,40.86134453781513
2016,Melvin Gordon,23,SDG,133,254,600,997,2,10,121,397,8,47.63779527559055,39.81945837512538
2016,Alfred Blue,25,HOU,116,100,452,420,2,1,16,32,1,16.0,7.619047619047619
2016,T.J. Yeldon,23,JAX,173,130,745,465,3,1,43,280,2,33.07692307692308,60.215053763440864
2016,Mark Ingram,27,NOR,188,205,759,1043,4,6,17,284,2,8.292682926829269,27.22914669223394
2016,LeGarrette Blount,30,NWE,141,299,469,1161,3,18,158,692,15,52.84280936454849,59.60378983634798
2016,Charcandrick West,25,KAN,116,88,483,293,2,1,28,190,1,31.818181818181817,64.84641638225256
2016,Giovani Bernard,25,CIN,152,91,722,337,4,2,61,385,2,67.03296703296704,114.2433234421365
2016,C.J. Anderson,25,DEN,148,110,637,437,3,4,38,200,1,34.54545454545455,45.76659038901602
2016,Justin Forsett,31,BAL,149,87,712,291,3,1,62,421,2,71.26436781609195,144.67353951890036
2016,Jeremy Langford,25,CHI,109,62,552,200,4,4,47,352,0,75.80645161290323,176.0
2016,James Starks,30,GNB,116,63,421,145,2,0,53,276,2,84.12698412698413,190.3448275862069
2016,Thomas Rawls,23,SEA,166,109,694,349,4,3,57,345,1,52.293577981651374,98.8538681948424
2016,Matt Jones,23,WAS,145,99,616,460,3,3,46,156,0,46.464646464646464,33.91304347826087
2016,Ameer Abdullah,23,DET,122,18,519,101,3,0,104,418,3,577.7777777777778,413.86138613861385
2016,Antonio Andrews,24,TEN,90,2,325,15,2,0,88,310,2,4400.0,2066.6666666666665
2016,Javorius Allen,25,BAL,94,9,370,34,2,0,85,336,2,944.4444444444445,988.2352941176471
2016,Cam Newton,27,CAR,109,90,485,359,4,5,19,126,1,21.11111111111111,35.0974930362117
2016,David Johnson,25,ARI,130,293,656,1239,5,16,163,583,11,55.63139931740614,47.05407586763519
2016,Carlos Hyde,26,SFO,142,217,527,988,3,6,75,461,3,34.56221198156682,46.659919028340084
2016,Le'Veon Bell,24,PIT,212,261,885,1268,5,7,49,383,2,18.773946360153257,30.20504731861199
2016,Charles Sims,26,TAM,121,51,571,149,3,1,70,422,2,137.2549019607843,283.22147651006713
2016,Ryan Mathews,29,PHI,77,155,396,661,2,8,78,265,6,50.32258064516129,40.09077155824508
2016,Duke Johnson,23,CLE,83,73,381,358,1,1,10,23,0,13.698630136986301,6.424581005586592
2016,Tyrod Taylor,27,BUF,99,95,468,580,3,6,4,112,3,4.2105263157894735,19.310344827586206
2016,Russell Wilson,28,SEA,67,72,382,259,3,1,5,123,2,6.944444444444445,47.49034749034749
2016,Danny Woodhead,31,SDG,80,19,364,116,2,0,61,248,2,321.05263157894734,213.79310344827587
2016,Tim Hightower,30,NOR,119,133,449,548,2,4,14,99,2,10.526315789473685,18.065693430656935
2016,Joique Bell,30,DET,75,3,295,6,2,0,72,289,2,2400.0,4816.666666666667
2016,Andre Williams,24,NYG,85,18,310,87,2,0,67,223,2,372.22222222222223,256.32183908045977
2016,Tevin Coleman,23,ATL,97,118,400,520,2,8,21,120,6,17.796610169491526,23.076923076923077
2016,Alex Smith,32,KAN,59,48,272,134,3,5,11,138,2,22.916666666666668,102.98507462686567
2016,Darren Sproles,33,PHI,53,94,227,438,1,2,41,211,1,43.61702127659574,48.17351598173516
2016,Shaun Draughn,29,2TM,45,74,194,196,1,4,29,2,3,39.189189189189186,1.0204081632653061
2016,Shaun Draughn,29,2TM,53,74,244,196,2,4,21,48,2,28.37837837837838,24.489795918367346
2016,Shaun Draughn,29,2TM,46,74,189,196,1,4,28,7,3,37.83783783783784,3.5714285714285716
2016,Shaun Draughn,29,SFO,100,74,414,196,2,4,26,218,2,35.13513513513514,111.22448979591837
2016,Shaun Draughn,29,SFO,98,74,352,196,2,4,24,156,2,32.432432432432435,79.59183673469387
2016,Shaun Draughn,29,SFO,103,74,423,196,2,4,29,227,2,39.189189189189186,115.81632653061224
2016,Spencer Ware,25,KAN,100,214,409,921,3,3,114,512,0,53.271028037383175,55.591748099891426
2016,Jamaal Charles,30,KAN,160,12,664,40,4,1,148,624,3,1233.3333333333333,1560.0
2016,Bilal Powell,28,NYJ,86,131,360,722,1,3,45,362,2,34.35114503816794,50.13850415512465
2016,Denard Robinson,26,JAX,74,41,312,144,2,0,33,168,2,80.48780487804878,116.66666666666667
2016,Brandon Bolden,26,NWE,67,1,275,4,1,0,66,271,1,6600.0,6775.0
2016,Arian Foster,30,HOU,108,22,452,55,3,0,86,397,3,390.90909090909093,721.8181818181819
2016,Mike Tolbert,31,CAR,58,35,203,114,0,0,23,89,0,65.71428571428571,78.0701754385965
2016,Terrance West,25,2TM,119,193,441,774,2,5,74,333,3,38.3419689119171,43.02325581395349
2016,Terrance West,25,2TM,113,193,471,774,3,5,80,303,2,41.45077720207254,39.14728682170543
2016,Terrance West,25,2TM,119,193,441,774,2,5,74,333,3,38.3419689119171,43.02325581395349
2016,Shane Vereen,27,NYG,75,33,309,158,1,1,42,151,0,127.27272727272727,95.56962025316456
2016,Ryan Fitzpatrick,34,NYJ,43,33,197,130,1,0,10,67,1,30.303030303030305,51.53846153846154
2016,Aaron Rodgers,33,GNB,44,67,219,369,2,4,23,150,2,34.32835820895522,40.65040650406504
2016,Andy Dalton,29,CIN,36,46,152,184,1,4,10,32,3,21.73913043478261,17.391304347826086
2016,Jonathan Grimes,27,HOU,60,23,233,105,2,0,37,128,2,160.8695652173913,121.9047619047619
2016,Khiry Robinson,27,NOR,88,8,319,22,2,0,80,297,2,1000.0,1350.0
2016,Dexter McCluster,27,TEN,73,3,337,2,2,0,70,335,2,2333.3333333333335,16750.0
2016,Jameis Winston,22,TAM,47,53,212,165,3,1,6,47,2,11.320754716981131,28.484848484848484
2016,Christine Michael,26,2TM,89,148,371,583,2,7,59,212,5,39.86486486486486,36.36363636363637
2016,Christine Michael,26,2TM,89,148,396,583,2,7,59,187,5,39.86486486486486,32.075471698113205
2016,Christine Michael,26,2TM,91,148,344,583,2,7,57,239,5,38.513513513513516,40.99485420240137
2016,Tavon Austin,26,STL,58,28,300,159,2,1,30,141,1,107.14285714285714,88.67924528301887
2016,Blake Bortles,24,JAX,55,58,298,359,2,3,3,61,1,5.172413793103448,16.991643454038996
2016,Jerick McKinnon,24,MIN,84,159,307,539,1,2,75,232,1,47.16981132075472,43.042671614100186
2016,Robert Turbin,27,2TM,69,47,280,164,1,7,22,116,6,46.808510638297875,70.73170731707317
2016,Robert Turbin,27,2TM,71,47,346,164,2,7,24,182,5,51.06382978723404,110.97560975609755
2016,Robert Turbin,27,2TM,73,47,300,164,1,7,26,136,6,55.319148936170215,82.92682926829268
2017,Ezekiel Elliott,22,DAL,295,242,1300,983,10,7,53,317,3,21.90082644628099,32.24821973550356
2017,LeGarrette Blount,31,NWE,208,173,754,766,7,2,35,12,5,20.23121387283237,1.566579634464752
2017,David Johnson,26,ARI,255,11,1247,23,10,0,244,1224,10,2218.181818181818,5321.739130434783
2017,DeMarco Murray,29,TEN,259,184,1071,659,7,6,75,412,1,40.76086956521739,62.51896813353566
2017,Todd Gurley,23,LAR,196,279,706,1305,4,13,83,599,9,29.74910394265233,45.900383141762454
2017,Lamar Miller,26,HOU,239,238,889,888,4,3,1,1,1,0.42016806722689076,0.11261261261261261
2017,Frank Gore,34,IND,161,261,655,961,2,3,100,306,1,38.31417624521073,31.841831425598336
2017,Le'Veon Bell,25,PIT,267,321,1253,1291,8,9,54,38,1,16.822429906542055,2.943454686289698
2017,Jay Ajayi,24,MIA,244,208,1083,873,6,1,36,210,5,17.307692307692307,24.054982817869416
2017,Melvin Gordon,24,SDG,252,284,1008,1105,5,8,32,97,3,11.267605633802816,8.778280542986426
2017,Jordan Howard,23,CHI,235,276,1110,1122,4,9,41,12,5,14.855072463768115,1.0695187165775402
2017,LeSean McCoy,29,BUF,207,287,1087,1138,6,6,80,51,0,27.874564459930312,4.481546572934974
2017,Devonta Freeman,25,ATL,209,196,851,865,6,7,13,14,1,6.63265306122449,1.6184971098265897
2017,Jeremy Hill,25,CIN,164,37,660,116,4,0,127,544,4,343.2432432432432,468.9655172413793
2017,Matt Forte,32,NYJ,135,103,492,381,3,2,32,111,1,31.067961165048544,29.133858267716537
2017,Jonathan Stewart,30,CAR,159,198,571,680,4,6,39,109,2,19.696969696969695,16.029411764705884
2017,Carlos Hyde,27,SFO,185,240,717,938,5,8,55,221,3,22.916666666666668,23.560767590618337
2017,Mark Ingram,28,NOR,176,230,760,1124,4,12,54,364,8,23.47826086956522,32.38434163701068
2017,Isaiah Crowell,24,CLE,190,206,785,853,4,2,16,68,2,7.766990291262136,7.971864009378663
2017,Latavius Murray,27,OAK,139,216,573,842,5,8,77,269,3,35.648148148148145,31.947743467933492
2017,Terrance West,26,BAL,129,39,588,138,3,2,90,450,1,230.76923076923077,326.0869565217391
2017,Devontae Booker,25,DEN,100,79,464,299,3,1,21,165,2,26.582278481012658,55.18394648829432
2017,Robert Kelley,25,WAS,137,62,474,194,3,3,75,280,0,120.96774193548387,144.3298969072165
2017,Jerick McKinnon,25,MIN,97,150,414,570,2,3,53,156,1,35.333333333333336,27.36842105263158
2017,Doug Martin,28,TAM,147,138,460,406,3,3,9,54,0,6.521739130434782,13.300492610837438
2017,Bilal Powell,29,NYJ,120,178,571,772,2,5,58,201,3,32.58426966292135,26.036269430051814
2017,T.J. Yeldon,24,JAX,84,49,400,253,1,2,35,147,1,71.42857142857143,58.10276679841897
2017,Jacquizz Rodgers,27,TAM,131,64,547,244,3,1,67,303,2,104.6875,124.18032786885246
2017,Tevin Coleman,24,ATL,149,156,719,628,6,5,7,91,1,4.487179487179487,14.490445859872612
2017,Chris Ivory,29,JAX,104,112,482,382,2,1,8,100,1,7.142857142857143,26.17801047120419
2017,Paul Perkins,23,NYG,108,41,490,90,3,0,67,400,3,163.41463414634146,444.44444444444446
2017,C.J. Anderson,26,DEN,169,245,736,1007,4,3,76,271,1,31.020408163265305,26.911618669314798
2017,Derrick Henry,23,TEN,108,176,472,744,2,5,68,272,3,38.63636363636363,36.55913978494624
2017,Thomas Rawls,24,SEA,105,58,362,157,2,0,47,205,2,81.03448275862068,130.57324840764332
2017,Mike Gillislee,27,BUF,101,104,414,383,3,5,3,31,2,2.8846153846153846,8.093994778067884
2017,Alfred Blue,26,HOU,92,71,418,262,2,1,21,156,1,29.577464788732396,59.541984732824424
2017,Matt Jones,24,WAS,146,5,597,14,4,0,141,583,4,2820.0,4164.285714285715
2017,Tyrod Taylor,28,BUF,80,84,422,427,3,4,4,5,1,4.761904761904762,1.17096018735363
2017,Darren Sproles,34,PHI,70,15,313,61,1,0,55,252,1,366.6666666666667,413.11475409836066
2017,Theo Riddick,26,DET,110,84,447,286,2,3,26,161,1,30.952380952380953,56.29370629370629
2017,Giovani Bernard,26,CIN,120,105,511,458,2,2,15,53,0,14.285714285714286,11.572052401746724
2017,Cam Newton,28,CAR,47,139,224,754,2,6,92,530,4,66.18705035971223,70.29177718832891
2017,Dwayne Washington,23,DET,94,20,359,44,2,0,74,315,2,370.0,715.9090909090909
2017,Charcandrick West,26,KAN,65,18,260,72,1,2,47,188,1,261.1111111111111,261.1111111111111
2017,Zach Zenner,26,DET,57,14,245,26,2,1,43,219,1,307.14285714285717,842.3076923076923
2017,DeAndre Washington,24,OAK,94,57,396,153,2,2,37,243,0,64.91228070175438,158.8235294117647
2017,Jalen Richard,24,OAK,103,56,426,275,2,1,47,151,1,83.92857142857143,54.90909090909091
2017,Ty Montgomery,24,GNB,83,71,394,273,1,3,12,121,2,16.901408450704224,44.32234432234432
2017,Wendell Smallwood,23,PHI,69,47,302,174,1,1,22,128,0,46.808510638297875,73.5632183908046
2017,Rex Burkhead,27,CIN,73,64,314,264,1,5,9,50,4,14.0625,18.939393939393938
2017,Duke Johnson,24,CLE,104,82,405,348,2,4,22,57,2,26.829268292682926,16.379310344827587
2017,Russell Wilson,29,SEA,47,95,193,586,1,3,48,393,2,50.526315789473685,67.06484641638225
2017,Eddie Lacy,27,GNB,139,69,586,179,3,0,70,407,3,101.44927536231884,227.37430167597765
2017,Alfred Morris,29,DAL,85,115,332,547,3,1,30,215,2,26.08695652173913,39.30530164533821
2017,Chris Thompson,27,WAS,68,64,298,294,2,2,4,4,0,6.25,1.3605442176870748
2017,Aaron Rodgers,34,GNB,43,24,220,126,2,0,19,94,2,79.16666666666667,74.60317460317461
2017,Dion Lewis,27,NWE,76,180,347,896,2,6,104,549,4,57.77777777777778,61.27232142857143
2017,Marcus Mariota,24,TEN,51,60,294,312,2,5,9,18,3,15.0,5.769230769230769
2017,Blake Bortles,25,JAX,47,57,256,322,2,2,10,66,0,17.54385964912281,20.496894409937887
2017,Dak Prescott,24,DAL,45,57,233,357,2,6,12,124,4,21.05263157894737,34.73389355742297
2017,Fozzy Whittaker,28,CAR,54,7,240,18,2,0,47,222,2,671.4285714285714,1233.3333333333333
2017,Peyton Barber,23,TAM,60,108,261,423,1,3,48,162,2,44.44444444444444,38.297872340425535
2017,Jameis Winston,23,TAM,33,33,136,135,1,1,0,1,0,0.0,0.7407407407407407
2017,Charles Sims,27,TAM,55,21,220,95,2,0,34,125,2,161.9047619047619,131.57894736842104
2018,LeSean McCoy,30,BUF,244,161,911,514,7,3,83,397,4,51.5527950310559,77.23735408560312
2018,Melvin Gordon,25,LAC,245,175,910,885,8,10,70,25,2,40.0,2.824858757062147
2018,Todd Gurley,24,LAR,252,256,1152,1251,9,17,4,99,8,1.5625,7.913669064748201
2018,Jordan Howard,24,CHI,202,250,856,935,4,9,48,79,5,19.2,8.449197860962567
2018,Kareem Hunt,23,KAN,256,181,1205,824,6,7,75,381,1,41.43646408839779,46.237864077669904
2018,Leonard Fournette,23,JAX,234,133,934,439,6,5,101,495,1,75.93984962406014,112.75626423690206
2018,Frank Gore,35,IND,165,156,601,722,3,0,9,121,3,5.769230769230769,16.759002770083104
2018,C.J. Anderson,27,DEN,164,67,661,403,2,2,97,258,0,144.77611940298507,64.0198511166253
2018,Ezekiel Elliott,23,DAL,239,304,994,1434,5,6,65,440,1,21.38157894736842,30.683403068340308
2018,Carlos Hyde,28,SFO,181,172,748,571,4,5,9,177,1,5.232558139534884,30.998248686514888
2018,Lamar Miller,27,HOU,120,210,526,973,2,5,90,447,3,42.857142857142854,45.94039054470709
2018,Mark Ingram,29,NOR,201,138,839,645,6,6,63,194,0,45.65217391304348,30.07751937984496
2018,Latavius Murray,28,MIN,154,140,592,578,5,6,14,14,1,10.0,2.422145328719723
2018,Alex Collins,24,BAL,187,114,799,411,5,7,73,388,2,64.03508771929825,94.40389294403893
2018,Jay Ajayi,25,2TM,169,45,662,184,3,3,124,478,0,275.55555555555554,259.7826086956522
2018,Jay Ajayi,25,2TM,154,45,621,184,3,3,109,437,0,242.22222222222223,237.5
2018,Jay Ajayi,25,2TM,160,45,677,184,3,3,115,493,0,255.55555555555554,267.9347826086956
2018,Jay Ajayi,25,MIA,166,45,621,184,3,3,121,437,0,268.8888888888889,237.5
2018,Jay Ajayi,25,MIA,150,45,582,184,2,3,105,398,1,233.33333333333334,216.30434782608697
2018,Jay Ajayi,25,MIA,161,45,663,184,3,3,116,479,0,257.77777777777777,260.32608695652175
2018,Jay Ajayi,25,PHI,145,45,613,184,4,3,100,429,1,222.22222222222223,233.15217391304347
2018,Jay Ajayi,25,PHI,151,45,727,184,3,3,106,543,0,235.55555555555554,295.10869565217394
2018,Jay Ajayi,25,PHI,150,45,696,184,3,3,105,512,0,233.33333333333334,278.2608695652174
2018,Marshawn Lynch,32,OAK,148,90,602,376,4,3,58,226,1,64.44444444444444,60.1063829787234
2018,Isaiah Crowell,25,CLE,148,143,608,685,3,6,5,77,3,3.4965034965034967,11.24087591240876
2018,Jonathan Stewart,31,CAR,92,6,430,17,3,0,86,413,3,1433.3333333333333,2429.4117647058824
2018,Devonta Freeman,26,ATL,177,14,690,68,4,0,163,622,4,1164.2857142857142,914.7058823529412
2018,Dion Lewis,28,NWE,151,155,661,517,5,1,4,144,4,2.5806451612903225,27.852998065764023
2018,Joe Mixon,22,CIN,127,237,494,1168,2,8,110,674,6,46.413502109704645,57.705479452054796
2018,Bilal Powell,30,NYJ,130,80,543,343,3,0,50,200,3,62.5,58.309037900874635
2018,Derrick Henry,24,TEN,163,215,660,1059,4,12,52,399,8,24.186046511627907,37.67705382436261
2018,Samaje Perine,23,WAS,108,8,397,32,2,0,100,365,2,1250.0,1140.625
2018,LeGarrette Blount,32,PHI,116,154,367,418,2,5,38,51,3,24.675324675324674,12.200956937799043
2018,Ameer Abdullah,25,DET,79,1,280,1,2,0,78,279,2,7800.0,27900.0
2018,Tevin Coleman,25,ATL,121,167,560,800,4,4,46,240,0,27.54491017964072,30.0
2018,Adrian Peterson,33,2TM,132,251,452,1042,3,7,119,590,4,47.41035856573705,56.62188099808061
2018,Adrian Peterson,33,2TM,104,251,415,1042,2,7,147,627,5,58.56573705179283,60.17274472168906
2018,Adrian Peterson,33,2TM,134,251,449,1042,2,7,117,593,5,46.613545816733065,56.90978886756238
2018,Adrian Peterson,33,ARI,135,251,548,1042,3,7,116,494,4,46.21513944223108,47.408829174664106
2018,Adrian Peterson,33,ARI,135,251,502,1042,3,7,116,540,4,46.21513944223108,51.82341650671785
2018,Adrian Peterson,33,ARI,135,251,513,1042,3,7,116,529,4,46.21513944223108,50.767754318618046
2018,Javorius Allen,27,BAL,126,41,524,110,3,3,85,414,0,207.3170731707317,376.3636363636364
2018,Jamaal Williams,23,GNB,109,121,450,464,3,3,12,14,0,9.917355371900827,3.0172413793103448
2018,Cam Newton,29,CAR,110,101,517,488,4,4,9,29,0,8.910891089108912,5.942622950819672
2018,Doug Martin,29,TAM,82,172,276,723,2,4,90,447,2,52.325581395348834,61.82572614107884
2018,Kenyan Drake,24,MIA,129,120,577,535,2,4,9,42,2,7.5,7.850467289719626
2018,Alvin Kamara,23,NOR,158,194,871,883,6,14,36,12,8,18.556701030927837,1.3590033975084939
2018,Christian McCaffrey,22,CAR,104,219,422,1098,2,7,115,676,5,52.51141552511415,61.56648451730419
2018,Alfred Morris,30,DAL,97,111,372,428,3,2,14,56,1,12.612612612612613,13.08411214953271
2018,Chris Ivory,30,JAX,71,115,271,385,2,1,44,114,1,38.26086956521739,29.61038961038961
2018,Wayne Gallman,24,NYG,149,51,662,176,3,1,98,486,2,192.15686274509804,276.1363636363636
2018,Peyton Barber,24,TAM,82,234,327,871,1,5,152,544,4,64.95726495726495,62.45694603903559
2018,Giovani Bernard,27,CIN,101,56,452,211,2,3,45,241,1,80.35714285714286,114.21800947867298
2018,Matt Breida,23,SFO,99,153,439,814,3,3,54,375,0,35.294117647058826,46.06879606879607
2018,Mike Gillislee,28,NWE,124,16,459,43,3,0,108,416,3,675.0,967.4418604651163
2018,Russell Wilson,30,SEA,72,67,403,376,3,0,5,27,3,7.462686567164179,7.180851063829787
2018,Marlon Mack,22,IND,97,195,383,908,3,9,98,525,6,50.256410256410255,57.819383259911895
2018,Elijah McGuire,24,NYJ,65,92,303,276,1,3,27,27,2,29.347826086956523,9.782608695652174
2018,Tarik Cohen,23,CHI,60,99,278,444,1,3,39,166,2,39.39393939393939,37.387387387387385
2018,Theo Riddick,27,DET,59,40,236,171,1,0,19,65,1,47.5,38.01169590643275
2018,Tyrod Taylor,29,BUF,63,16,315,125,2,1,47,190,1,293.75,152.0
2018,Duke Johnson,25,CLE,94,40,431,201,2,0,54,230,2,135.0,114.42786069651741
2018,Aaron Jones,24,GNB,93,133,449,728,3,8,40,279,5,30.075187969924812,38.324175824175825
2018,Devontae Booker,26,DEN,85,34,291,183,2,1,51,108,1,150.0,59.01639344262295
2018,D'Onta Foreman,22,HOU,106,7,486,-1,3,0,99,487,3,1414.2857142857142,0.0
2018,DeShone Kizer,22,CLE,72,5,367,39,3,0,67,328,3,1340.0,841.025641025641
2018,Corey Clement,24,PHI,98,68,393,259,3,2,30,134,1,44.11764705882353,51.737451737451735
2018,Dalvin Cook,23,MIN,178,133,802,615,4,2,45,187,2,33.83458646616541,30.40650406504065
2018,Alfred Blue,27,HOU,76,150,279,499,1,2,74,220,1,49.333333333333336,44.08817635270541
2018,Ty Montgomery,25,GNB,78,41,343,188,2,1,37,155,1,90.2439024390244,82.44680851063829
2018,Jamaal Charles,32,DEN,73,6,322,7,2,0,67,315,2,1116.6666666666667,4500.0
2018,Mike Davis,25,SEA,87,112,354,514,2,4,25,160,2,22.321428571428573,31.1284046692607
2018,Rex Burkhead,28,NWE,73,57,294,186,2,0,16,108,2,28.07017543859649,58.064516129032256
2018,Jacquizz Rodgers,28,TAM,53,33,210,106,0,1,20,104,1,60.60606060606061,98.11320754716981
2018,Chris Thompson,28,WAS,109,43,577,178,3,0,66,399,3,153.48837209302326,224.1573033707865
2018,Carson Wentz,26,PHI,49,34,230,93,1,0,15,137,1,44.11764705882353,147.31182795698925
2018,Jacoby Brissett,26,IND,43,7,203,-7,1,0,36,210,1,514.2857142857143,0.0
2018,Malcolm Brown,25,LAR,78,43,274,212,1,0,35,62,1,81.3953488372093,29.245283018867923
2018,Robert Kelley,26,WAS,95,4,327,8,3,0,91,319,3,2275.0,3987.5
2018,Marcus Mariota,25,TEN,48,64,236,357,2,2,16,121,0,25.0,33.89355742296919
2018,Alex Smith,34,KAN,47,41,259,168,2,1,6,91,1,14.634146341463415,54.166666666666664
2018,Tavon Austin,28,LAR,50,6,249,55,2,0,44,194,2,733.3333333333334,352.72727272727275
2018,Blake Bortles,26,JAX,53,58,252,365,2,1,5,113,1,8.620689655172415,30.958904109589042
2018,Dak Prescott,25,DAL,50,75,273,305,2,6,25,32,4,33.333333333333336,10.491803278688524
2018,DeAndre Washington,25,OAK,55,30,235,115,1,0,25,120,1,83.33333333333333,104.34782608695652
2018,Jalen Richard,25,OAK,75,55,267,259,1,1,20,8,0,36.36363636363637,3.088803088803089
2018,Rod Smith,26,DAL,67,44,258,127,2,1,23,131,1,52.27272727272727,103.14960629921259
2019,Ezekiel Elliott,24,DAL,286,301,1294,1357,8,12,15,63,4,4.983388704318937,4.642593957258659
2019,Saquon Barkley,22,NYG,259,217,1201,1003,9,6,42,198,3,19.35483870967742,19.740777666999
2019,David Johnson,28,ARI,174,94,705,345,4,2,80,360,2,85.1063829787234,104.34782608695652
2019,Todd Gurley,25,LAR,263,223,1212,857,9,12,40,355,3,17.937219730941703,41.423570595099186
2019,Adrian Peterson,34,WAS,163,211,694,898,4,5,48,204,1,22.748815165876778,22.71714922048998
2019,Jordan Howard,25,CHI,181,119,667,525,4,6,62,142,2,52.10084033613445,27.047619047619047
2019,Chris Carson,25,SEA,243,278,973,1230,5,7,35,257,2,12.589928057553957,20.89430894308943
2019,Joe Mixon,23,CIN,250,278,1137,1137,6,5,28,0,1,10.071942446043165,0.0
2019,Peyton Barber,25,TAM,127,154,483,470,3,6,27,13,3,17.532467532467532,2.765957446808511
2019,Christian McCaffrey,23,CAR,212,287,966,1387,6,15,75,421,9,26.13240418118467,30.35328046142754
2019,James Conner,24,PIT,231,116,1019,464,6,4,115,555,2,99.13793103448276,119.61206896551724
2019,Derrick Henry,25,TEN,192,303,786,1540,6,16,111,754,10,36.633663366336634,48.96103896103896
2019,Sony Michel,24,NWE,176,247,704,912,4,7,71,208,3,28.74493927125506,22.80701754385965
2019,Marlon Mack,23,IND,218,247,895,1091,6,8,29,196,2,11.740890688259109,17.965169569202565
2019,Alvin Kamara,24,NOR,200,171,882,797,6,5,29,85,1,16.95906432748538,10.664993726474279
2019,Nick Chubb,24,CLE,192,298,880,1494,5,8,106,614,3,35.57046979865772,41.09772423025435
2019,Phillip Lindsay,25,DEN,204,224,902,1011,5,7,20,109,2,8.928571428571429,10.781404549950544
2019,Kareem Hunt,24,KAN,200,43,999,179,8,2,157,820,6,365.1162790697674,458.1005586592179
2019,Melvin Gordon,26,LAC,196,162,886,612,6,8,34,274,2,20.987654320987655,44.77124183006536
2019,Carlos Hyde,29,2TM,82,245,325,1070,2,6,163,745,4,66.53061224489795,69.62616822429906
2019,Carlos Hyde,29,2TM,81,245,275,1070,2,6,164,795,4,66.93877551020408,74.29906542056075
2019,Carlos Hyde,29,2TM,90,245,336,1070,2,6,155,734,4,63.265306122448976,68.59813084112149
2019,Carlos Hyde,29,CLE,133,245,494,1070,3,6,112,576,3,45.714285714285715,53.83177570093458
2019,Carlos Hyde,29,CLE,117,245,474,1070,3,6,128,596,3,52.244897959183675,55.700934579439256
2019,Carlos Hyde,29,CLE,111,245,462,1070,3,6,134,608,3,54.69387755102041,56.822429906542055
2019,Carlos Hyde,29,JAX,77,245,252,1070,1,6,168,818,5,68.57142857142857,76.44859813084112
2019,Carlos Hyde,29,JAX,68,245,243,1070,1,6,177,827,5,72.24489795918367,77.28971962616822
2019,Carlos Hyde,29,JAX,71,245,248,1070,2,6,174,822,4,71.0204081632653,76.82242990654206
2019,Tevin Coleman,26,ATL,150,137,634,544,3,6,13,90,3,9.489051094890511,16.544117647058822
2019,LeSean McCoy,31,BUF,78,101,310,465,1,4,23,155,3,22.77227722772277,33.333333333333336
2019,Frank Gore,36,MIA,132,166,494,599,4,2,34,105,2,20.481927710843372,17.529215358931552
2019,Dion Lewis,29,TEN,115,54,494,209,2,0,61,285,2,112.96296296296296,136.36363636363637
2019,Matt Breida,24,SFO,164,123,723,623,4,1,41,100,3,33.333333333333336,16.051364365971107
2019,Lamar Jackson,22,BAL,121,176,576,1206,4,7,55,630,3,31.25,52.23880597014925
2019,Latavius Murray,29,MIN,82,146,331,637,2,5,64,306,3,43.83561643835616,48.03767660910518
2019,Mark Ingram,30,NOR,136,202,606,1018,4,10,66,412,6,32.67326732673267,40.47151277013752
2019,Gus Edwards,24,BAL,148,133,594,711,3,2,15,117,1,11.278195488721805,16.455696202531644
2019,Dalvin Cook,24,MIN,149,250,603,1135,3,13,101,532,10,40.4,46.87224669603524
2019,Leonard Fournette,24,JAX,160,265,663,1152,3,3,105,489,0,39.62264150943396,42.447916666666664
2019,Aaron Jones,25,GNB,169,236,760,1084,5,16,67,324,11,28.389830508474578,29.88929889298893
2019,Royce Freeman,23,DEN,99,132,411,496,3,3,33,85,0,25.0,17.137096774193548
2019,Jamaal Williams,24,GNB,81,107,319,460,2,1,26,141,1,24.299065420560748,30.652173913043477
2019,Josh Adams,23,PHI,95,8,396,12,3,0,87,384,3,1087.5,3200.0
2019,Kenyan Drake,25,MIA,113,170,484,817,2,8,57,333,6,33.529411764705884,40.758873929008566
2019,Kerryon Johnson,22,DET,186,113,765,403,4,3,73,362,1,64.60176991150442,89.82630272952854
2019,Mike Davis,26,SEA,119,13,546,27,3,0,106,519,3,815.3846153846154,1922.2222222222222
2019,Alfred Morris,31,SFO,91,1,390,4,2,0,90,386,2,9000.0,9650.0
2019,Austin Ekeler,24,LAC,121,132,531,557,3,3,11,26,0,8.333333333333334,4.667863554757631
2019,T.J. Yeldon,26,JAX,95,17,428,63,2,0,78,365,2,458.8235294117647,579.3650793650794
2019,Cam Newton,30,CAR,63,5,335,-2,3,0,58,337,3,1160.0,0.0
2019,Tarik Cohen,24,CHI,99,64,430,213,2,0,35,217,2,54.6875,101.87793427230046
2019,Deshaun Watson,24,HOU,71,82,396,413,3,7,11,17,4,13.414634146341463,4.116222760290557
2019,James White,27,NWE,105,67,448,263,2,1,38,185,1,56.71641791044776,70.34220532319392
2019,Marshawn Lynch,33,OAK,126,12,554,34,4,1,114,520,3,950.0,1529.4117647058824
2019,Ito Smith,24,ATL,105,22,381,106,2,1,83,275,1,377.27272727272725,259.4339622641509
2019,Josh Allen,23,BUF,92,109,498,510,3,9,17,12,6,15.596330275229358,2.3529411764705883
2019,Wendell Smallwood,25,PHI,57,22,248,81,1,0,35,167,1,159.0909090909091,206.17283950617283
2019,Nyheim Hines,23,IND,65,52,292,199,1,2,13,93,1,25.0,46.733668341708544
2019,Rashaad Penny,23,SEA,101,65,479,370,3,3,36,109,0,55.38461538461539,29.45945945945946
2019,Bilal Powell,31,NYJ,114,59,482,229,3,0,55,253,3,93.22033898305085,110.48034934497817
2019,Dak Prescott,26,DAL,54,52,240,277,2,3,2,37,1,3.8461538461538463,13.35740072202166
2019,Mitchell Trubisky,25,CHI,65,48,349,193,2,2,17,156,0,35.416666666666664,80.82901554404145
2019,Russell Wilson,31,SEA,49,75,240,342,2,3,26,102,1,34.666666666666664,29.82456140350877
2019,C.J. Anderson,28,2TM,76,16,352,43,2,0,60,309,2,375.0,718.6046511627907
2019,C.J. Anderson,28,2TM,102,16,418,43,3,0,86,375,3,537.5,872.0930232558139
2019,C.J. Anderson,28,2TM,80,16,408,43,2,0,64,365,2,400.0,848.8372093023256
2019,Jeff Wilson,24,SFO,116,27,557,105,2,4,89,452,2,329.6296296296296,430.4761904761905
2019,Marcus Mariota,26,TEN,51,24,253,129,2,0,27,124,2,112.5,96.12403100775194
2019,Chase Edmonds,23,ARI,73,60,315,303,2,4,13,12,2,21.666666666666668,3.9603960396039604
2019,Patrick Mahomes,24,KAN,44,43,209,218,1,2,1,9,1,2.3255813953488373,4.128440366972477
2019,Jordan Wilkins,25,IND,77,51,309,307,1,2,26,2,1,50.98039215686274,0.6514657980456026
2019,Blake Bortles,27,JAX,52,2,265,-9,1,0,50,274,1,2500.0,0.0
2019,Rex Burkhead,29,NWE,49,65,229,302,2,3,16,73,1,24.615384615384617,24.172185430463575
2019,Giovani Bernard,28,CIN,41,53,143,170,1,0,12,27,1,22.641509433962263,15.882352941176471
2019,Jaylen Samuels,23,PIT,69,66,303,175,1,1,3,128,0,4.545454545454546,73.14285714285714
2019,Jalen Richard,26,OAK,89,39,336,145,1,0,50,191,1,128.2051282051282,131.72413793103448
2019,Zach Zenner,28,DET,69,3,283,-2,1,0,66,285,1,2200.0,0.0
2019,Wayne Gallman,25,NYG,36,29,155,110,0,2,7,45,2,24.137931034482758,40.90909090909091
2019,Spencer Ware,28,KAN,81,17,271,51,1,0,64,220,1,376.47058823529414,431.37254901960785
2019,Justin Jackson,23,LAC,102,29,384,200,2,0,73,184,2,251.72413793103448,92.0
2019,Damien Williams,27,KAN,64,111,210,498,1,5,47,288,4,42.34234234234234,57.83132530120482
2020,Derrick Henry,26,TEN,248,378,1142,2027,10,17,130,885,7,34.39153439153439,43.66058214109521
2020,Ezekiel Elliott,25,DAL,296,244,1283,979,9,6,52,304,3,21.311475409836067,31.05209397344229
2020,Nick Chubb,25,CLE,281,190,1198,1067,8,12,91,131,4,47.89473684210526,12.277413308341144
2020,Christian McCaffrey,24,CAR,263,59,1173,225,9,5,204,948,4,345.76271186440675,421.3333333333333
2020,Chris Carson,26,SEA,224,141,947,681,4,5,83,266,1,58.86524822695036,39.06020558002937
2020,Joe Mixon,24,CIN,236,119,921,428,4,3,117,493,1,98.31932773109244,115.18691588785046
2020,Leonard Fournette,25,JAX,257,97,1127,367,7,6,160,760,1,164.94845360824743,207.08446866485014
2020,Dalvin Cook,25,MIN,236,312,1038,1557,6,16,76,519,10,24.358974358974358,33.333333333333336
2020,Marlon Mack,24,IND,232,4,961,26,5,0,228,935,5,5700.0,3596.153846153846
2020,Sony Michel,25,NWE,180,79,672,449,5,1,101,223,4,127.84810126582279,49.665924276169264
2020,Le'Veon Bell,28,NYJ,182,82,789,328,4,2,100,461,2,121.95121951219512,140.5487804878049
2020,Carlos Hyde,30,HOU,141,81,563,356,3,4,60,207,1,74.07407407407408,58.146067415730336
2020,Josh Jacobs,22,OAK,238,273,1042,1065,5,12,35,23,7,12.820512820512821,2.15962441314554
2020,David Montgomery,23,CHI,155,247,584,1070,3,8,92,486,5,37.24696356275304,45.42056074766355
2020,Aaron Jones,26,GNB,219,201,845,1104,7,9,18,259,2,8.955223880597014,23.46014492753623
2020,Phillip Lindsay,26,DEN,178,118,746,502,4,1,60,244,3,50.847457627118644,48.60557768924303
2020,Todd Gurley,26,LAR,154,195,642,678,5,9,41,36,4,21.025641025641026,5.3097345132743365
2020,Saquon Barkley,23,NYG,220,19,1017,34,5,0,201,983,5,1057.8947368421052,2891.176470588235
2020,Adrian Peterson,35,WAS,130,156,497,604,4,7,26,107,3,16.666666666666668,17.71523178807947
2020,Mark Ingram,31,BAL,155,72,711,299,6,2,83,412,4,115.27777777777777,137.79264214046822
2020,Devonta Freeman,28,ATL,133,54,511,172,2,1,79,339,1,146.2962962962963,197.09302325581396
2020,Miles Sanders,23,PHI,187,164,733,867,4,6,23,134,2,14.024390243902438,15.455594002306805
2020,Lamar Jackson,23,BAL,154,159,769,1005,5,7,5,236,2,3.1446540880503147,23.48258706467662
2020,Ronald Jones II,23,TAM,137,192,638,978,3,7,55,340,4,28.645833333333332,34.76482617586912
2020,Alvin Kamara,25,NOR,204,187,849,932,6,16,17,83,10,9.090909090909092,8.905579399141631
2020,Kenyan Drake,26,2TM,187,239,762,955,5,10,52,193,5,21.757322175732217,20.209424083769633
2020,Kenyan Drake,26,2TM,169,239,726,955,5,10,70,229,5,29.288702928870293,23.979057591623036
2020,Kenyan Drake,26,2TM,160,239,690,955,5,10,79,265,5,33.05439330543933,27.74869109947644
2020,Kenyan Drake,26,ARI,198,239,919,955,6,10,41,36,4,17.15481171548117,3.769633507853403
2020,Kenyan Drake,26,ARI,196,239,848,955,5,10,43,107,5,17.99163179916318,11.204188481675393
2020,Kenyan Drake,26,ARI,200,239,827,955,5,10,39,128,5,16.317991631799163,13.403141361256544
2020,Frank Gore,37,BUF,90,187,355,653,3,2,97,298,1,51.8716577540107,45.635528330781014
2020,Melvin Gordon,27,LAC,133,215,495,986,4,9,82,491,5,38.13953488372093,49.79716024340771
2020,Peyton Barber,26,TAM,77,94,282,258,2,4,17,24,2,18.085106382978722,9.30232558139535
2020,Devin Singletary,23,BUF,163,156,708,687,4,2,7,21,2,4.487179487179487,3.056768558951965
2020,Latavius Murray,30,NOR,99,146,353,656,2,4,47,303,2,32.19178082191781,46.1890243902439
2020,Tevin Coleman,27,SFO,84,28,300,53,2,0,56,247,2,200.0,466.0377358490566
2020,Raheem Mostert,28,SFO,163,104,807,521,7,2,59,286,5,56.73076923076923,54.89443378119002
2020,Gus Edwards,25,BAL,143,144,640,723,4,6,1,83,2,0.6944444444444444,11.479944674965422
2020,Austin Ekeler,25,LAC,155,116,650,530,4,1,39,120,3,33.62068965517241,22.641509433962263
2020,Royce Freeman,24,DEN,117,35,466,170,2,0,82,296,2,234.28571428571428,174.11764705882354
2020,Matt Breida,25,SFO,138,59,559,254,3,0,79,305,3,133.89830508474577,120.07874015748031
2020,Jordan Howard,26,PHI,143,35,548,60,4,4,108,488,0,308.57142857142856,813.3333333333334
2020,James Conner,25,PIT,110,169,415,721,3,6,59,306,3,34.9112426035503,42.44105409153953
2020,Kerryon Johnson,23,DET,145,52,586,181,3,2,93,405,1,178.84615384615384,223.75690607734808
2020,Josh Allen,24,BUF,71,102,444,421,3,8,31,23,5,30.392156862745097,5.463182897862233
2020,Benny Snell Jr.,22,PIT,124,111,424,368,3,4,13,56,1,11.711711711711711,15.217391304347826
2020,DeAndre Washington,27,OAK,77,31,300,91,1,0,46,209,1,148.38709677419354,229.67032967032966
2020,Jamaal Williams,25,GNB,128,119,583,505,2,2,9,78,0,7.563025210084033,15.445544554455445
2020,LeSean McCoy,32,KAN,76,10,342,31,2,0,66,311,2,660.0,1003.2258064516129
2020,Alexander Mattison,22,MIN,124,96,551,434,3,2,28,117,1,29.166666666666668,26.95852534562212
2020,David Johnson,29,ARI,67,147,268,691,1,6,80,423,5,54.42176870748299,61.21562952243126
2020,Kyler Murray,23,ARI,68,133,378,819,3,11,65,441,8,48.87218045112782,53.84615384615385
2020,Bo Scarbrough,26,DET,126,6,514,31,3,0,120,483,3,2000.0,1558.0645161290322
2020,Tony Pollard,23,DAL,117,101,519,435,3,4,16,84,1,15.841584158415841,19.310344827586206
2020,Duke Johnson,27,HOU,83,77,341,235,1,1,6,106,0,7.792207792207792,45.1063829787234
2020,Deshaun Watson,25,HOU,66,90,301,444,3,3,24,143,0,26.666666666666668,32.207207207207205
2020,Brian Hill,25,ATL,83,100,286,465,1,1,17,179,0,17.0,38.494623655913976
2020,Russell Wilson,32,SEA,48,83,221,513,2,2,35,292,0,42.16867469879518,56.92007797270955
2020,Kalen Ballage,25,MIA,48,91,191,303,2,3,43,112,1,47.252747252747255,36.96369636963696
2020,Malcolm Brown,27,LAR,80,101,317,419,3,5,21,102,2,20.792079207920793,24.343675417661096
2020,Gardner Minshew II,24,JAX,57,29,313,153,1,1,28,160,0,96.55172413793103,104.57516339869281
2020,James White,28,NWE,82,35,355,121,2,2,47,234,0,134.28571428571428,193.38842975206612
2020,Jaylen Samuels,24,PIT,51,9,219,28,1,0,42,191,1,466.6666666666667,682.1428571428571
2020,Rex Burkhead,30,NWE,68,67,252,274,2,3,1,22,1,1.492537313432836,8.02919708029197
2020,Rashaad Penny,24,SEA,101,11,488,34,3,0,90,454,3,818.1818181818181,1335.2941176470588
2020,Tarik Cohen,25,CHI,57,14,289,74,1,0,43,215,1,307.14285714285717,290.5405405405405
2020,Ty Johnson,23,DET,108,54,378,254,2,1,54,124,1,100.0,48.818897637795274
2020,Patrick Laird,25,MIA,57,13,228,72,2,0,44,156,2,338.46153846153845,216.66666666666666
2020,Carson Wentz,28,PHI,44,52,178,276,1,5,8,98,4,15.384615384615385,35.507246376811594
2020,Boston Scott,25,PHI,74,80,286,374,2,1,6,88,1,7.5,23.529411764705884
2020,Chase Edmonds,24,ARI,84,97,370,448,2,1,13,78,1,13.402061855670103,17.410714285714285
2020,Jameis Winston,26,TAM,45,8,190,-6,1,0,37,196,1,462.5,0.0
2020,Justice Hill,23,BAL,68,12,313,60,2,0,56,253,2,466.6666666666667,421.6666666666667
2020,Jacoby Brissett,28,IND,42,17,190,19,2,3,25,171,1,147.05882352941177,900.0
2020,Ryan Fitzpatrick,38,MIA,30,30,134,151,1,2,0,17,1,0.0,11.258278145695364
2020,Dion Lewis,30,TEN,46,29,200,115,1,2,17,85,1,58.62068965517241,73.91304347826087
2020,Giovani Bernard,29,CIN,48,124,174,416,1,3,76,242,2,61.29032258064516,58.17307692307692
2020,Nyheim Hines,24,IND,63,89,242,380,1,3,26,138,2,29.213483146067414,36.31578947368421
2020,Dak Prescott,27,DAL,44,18,202,93,1,3,26,109,2,144.44444444444446,117.20430107526882
2020,Jordan Wilkins,26,IND,63,84,256,308,1,1,21,52,0,25.0,16.883116883116884
2021,Derrick Henry,27,TEN,261,219,1033,937,9,10,42,96,1,19.17808219178082,10.245464247598719
2021,Dalvin Cook,26,MIN,322,249,1319,1159,11,6,73,160,5,29.31726907630522,13.805004314063849
2021,Josh Jacobs,23,LVR,231,217,890,872,6,9,14,18,3,6.451612903225806,2.0642201834862384
2021,David Montgomery,24,CHI,229,225,929,849,5,7,4,80,2,1.7777777777777777,9.422850412249705
2021,Ezekiel Elliott,26,DAL,202,237,806,1002,4,10,35,196,6,14.767932489451477,19.560878243512974
2021,James Robinson,23,JAX,251,164,1037,767,6,8,87,270,2,53.048780487804876,35.202086049543674
2021,Kenyan Drake,27,ARI,167,63,677,254,4,2,104,423,2,165.0793650793651,166.53543307086613
2021,Jonathan Taylor,22,IND,205,332,920,1811,5,18,127,891,13,38.25301204819277,49.19933738266151
2021,Melvin Gordon,28,DEN,168,203,741,918,6,8,35,177,2,17.24137931034483,19.281045751633986
2021,Aaron Jones,27,GNB,200,171,907,799,4,4,29,108,0,16.95906432748538,13.516896120150188
2021,Kareem Hunt,26,CLE,150,78,633,386,4,5,72,247,1,92.3076923076923,63.98963730569948
2021,Ronald Jones II,24,TAM,196,101,829,428,5,4,95,401,1,94.05940594059406,93.69158878504673
2021,Nick Chubb,26,CLE,195,228,877,1259,6,8,33,382,2,14.473684210526315,30.34154090548054
2021,Alvin Kamara,26,NOR,199,240,904,898,8,4,41,6,4,17.083333333333332,0.6681514476614699
2021,Clyde Edwards-Helaire,22,KAN,167,119,741,517,3,4,48,224,1,40.33613445378151,43.32688588007737
2021,Antonio Gibson,23,WAS,160,258,705,1037,6,7,98,332,1,37.98449612403101,32.01542912246866
2021,James Conner,26,PIT,132,202,547,752,3,15,70,205,12,34.65346534653465,27.26063829787234
2021,Mike Davis,28,CAR,109,138,403,503,3,3,29,100,0,21.014492753623188,19.880715705765407
2021,Miles Sanders,24,PHI,181,137,722,754,4,0,44,32,4,32.11678832116788,4.244031830238727
2021,Lamar Jackson,24,BAL,126,133,615,767,5,2,7,152,3,5.2631578947368425,19.81747066492829
2021,Adrian Peterson,36,DET,96,38,313,98,3,2,58,215,1,152.6315789473684,219.3877551020408
2021,Devin Singletary,24,BUF,117,188,488,870,2,7,71,382,5,37.765957446808514,43.9080459770115
2021,Wayne Gallman,27,NYG,111,28,470,104,3,0,83,366,3,296.42857142857144,351.9230769230769
2021,David Johnson,30,HOU,144,67,571,228,3,0,77,343,3,114.92537313432835,150.43859649122808
2021,Latavius Murray,31,NOR,119,119,475,501,2,6,0,26,4,0.0,5.189620758483034
2021,Cam Akers,22,LAR,148,5,619,3,3,0,143,616,3,2860.0,20533.333333333332
2021,Myles Gaskin,24,MIA,169,173,667,612,4,3,4,55,1,2.3121387283236996,8.986928104575163
2021,Chris Carson,27,SEA,155,54,662,232,4,3,101,430,1,187.03703703703704,185.3448275862069
2021,Darrell Henderson,24,LAR,113,149,543,688,3,5,36,145,2,24.161073825503355,21.075581395348838
2021,Damien Harris,24,NWE,155,202,678,929,3,15,47,251,12,23.26732673267327,27.018299246501616
2021,Cam Newton,32,NWE,99,47,483,230,4,5,52,253,1,110.63829787234043,110.0
2021,Kyler Murray,24,ARI,101,88,549,423,5,5,13,126,0,14.772727272727273,29.78723404255319
2021,Jeff Wilson,26,SFO,148,79,670,294,4,2,69,376,2,87.34177215189874,127.89115646258503
2021,Giovani Bernard,30,CIN,75,8,283,58,1,0,67,225,1,837.5,387.9310344827586
2021,Joe Mixon,25,CIN,177,292,707,1205,5,13,115,498,8,39.38356164383562,41.32780082987552
2021,Jamaal Williams,26,GNB,139,153,596,601,2,3,14,5,1,9.15032679738562,0.831946755407654
2021,Phillip Lindsay,27,DEN,99,88,406,249,2,1,11,157,1,12.5,63.05220883534137
2021,Austin Ekeler,26,LAC,157,206,697,911,4,12,49,214,8,23.78640776699029,23.49066959385291
2021,D'Andre Swift,22,DET,153,151,651,617,4,5,2,34,1,1.3245033112582782,5.510534846029174
2021,Zack Moss,24,BUF,135,96,561,345,3,4,39,216,1,40.625,62.608695652173914
2021,Joshua Kelley,24,LAC,116,33,397,102,2,0,83,295,2,251.5151515151515,289.2156862745098
2021,Benny Snell Jr.,23,PIT,74,36,237,98,2,0,38,139,2,105.55555555555556,141.83673469387756
2021,Raheem Mostert,29,SFO,170,2,646,20,4,0,168,626,4,8400.0,3130.0
2021,Josh Allen,25,BUF,58,122,262,763,2,6,64,501,4,52.459016393442624,65.66186107470512
2021,Malcolm Brown,28,LAR,85,33,321,125,2,1,52,196,1,157.57575757575756,156.8
2021,Tony Pollard,24,DAL,79,130,353,719,2,2,51,366,0,39.23076923076923,50.90403337969402
2021,Chase Edmonds,25,ARI,93,116,396,592,1,2,23,196,1,19.82758620689655,33.108108108108105
2021,Leonard Fournette,26,TAM,82,180,339,812,1,8,98,473,7,54.44444444444444,58.251231527093594
2021,Alexander Mattison,23,MIN,105,134,483,491,2,3,29,8,1,21.64179104477612,1.629327902240326
2021,Peyton Barber,27,WAS,88,55,298,212,3,2,33,86,1,60.0,40.56603773584906
2021,Devontae Booker,29,LVR,86,145,287,593,2,2,59,306,0,40.689655172413794,51.602023608768974
2021,Kalen Ballage,26,2TM,95,12,347,36,2,0,83,311,2,691.6666666666666,863.8888888888889
2021,Kalen Ballage,26,2TM,93,12,322,36,2,0,81,286,2,675.0,794.4444444444445
2021,Kalen Ballage,26,2TM,92,12,358,36,2,0,80,322,2,666.6666666666666,894.4444444444445
2021,Kalen Ballage,26,LAC,124,12,452,36,2,0,112,416,2,933.3333333333334,1155.5555555555557
2021,Kalen Ballage,26,LAC,114,12,450,36,2,0,102,414,2,850.0,1150.0
2021,Kalen Ballage,26,LAC,120,12,453,36,2,0,108,417,2,900.0,1158.3333333333333
2021,Nyheim Hines,25,IND,87,56,351,276,2,2,31,75,0,55.357142857142854,27.17391304347826
2021,Taysom Hill,31,NOR,59,70,280,374,3,5,11,94,2,15.714285714285714,25.13368983957219
2021,J.D. McKissic,28,WAS,60,48,296,212,1,2,12,84,1,25.0,39.62264150943396
2021,Russell Wilson,33,SEA,58,43,273,183,3,2,15,90,1,34.883720930232556,49.18032786885246
2021,Le'Veon Bell,29,2TM,71,39,286,101,1,2,32,185,1,82.05128205128206,183.16831683168317
2021,Le'Veon Bell,29,2TM,88,39,322,101,2,2,49,221,0,125.64102564102564,218.8118811881188
2021,Le'Veon Bell,29,2TM,65,39,298,101,1,2,26,197,1,66.66666666666667,195.04950495049505
2021,Le'Veon Bell,29,KAN,84,39,285,101,1,2,45,184,1,115.38461538461539,182.17821782178217
2021,Le'Veon Bell,29,KAN,91,39,313,101,2,2,52,212,0,133.33333333333334,209.9009900990099
2021,Le'Veon Bell,29,KAN,87,39,314,101,2,2,48,213,0,123.07692307692308,210.8910891089109
2021,Carlos Hyde,31,SEA,104,72,429,253,2,1,32,176,1,44.44444444444444,69.56521739130434
2021,Jerick McKinnon,29,SFO,44,12,169,62,1,0,32,107,1,266.6666666666667,172.58064516129033
2021,Boston Scott,26,PHI,58,87,235,373,2,7,29,138,5,33.333333333333336,36.997319034852545
2021,Sony Michel,26,NWE,142,208,642,845,3,4,66,203,1,31.73076923076923,24.023668639053255
2021,Duke Johnson,28,HOU,44,71,193,330,1,3,27,137,2,38.028169014084504,41.515151515151516
2021,Salvon Ahmed,23,MIA,134,54,601,149,3,0,80,452,3,148.14814814814815,303.3557046979866
2021,Mark Ingram,32,BAL,51,160,201,554,1,2,109,353,1,68.125,63.71841155234657
2021,Rex Burkhead,31,NWE,78,122,282,427,2,3,44,145,1,36.0655737704918,33.95784543325527
2021,Daniel Jones,24,NYG,62,62,351,298,2,2,0,53,0,0.0,17.78523489932886
2021,Cordarrelle Patterson,30,CHI,63,153,256,618,2,6,90,362,4,58.8235294117647,58.57605177993528
2021,La'Mical Perine,23,NYJ,81,8,327,31,2,0,73,296,2,912.5,954.8387096774194
2021,Jalen Hurts,23,PHI,56,139,350,784,2,10,83,434,8,59.71223021582734,55.357142857142854
2021,Samaje Perine,26,CIN,70,55,293,246,1,1,15,47,0,27.272727272727273,19.10569105691057
2021,Ito Smith,26,ATL,112,1,329,4,2,1,111,325,1,11100.0,8125.0
2021,Patrick Mahomes,26,KAN,47,66,243,381,1,2,19,138,1,28.78787878787879,36.22047244094488
2021,Matt Breida,26,MIA,87,26,337,125,1,1,61,212,0,234.6153846153846,169.6
2021,Justin Jackson,25,LAC,97,68,390,364,2,2,29,26,0,42.64705882352941,7.142857142857143
2021,Christian McCaffrey,25,CAR,184,99,841,442,5,1,85,399,4,85.85858585858585,90.27149321266968
2021,Justin Herbert,23,LAC,43,63,208,302,2,3,20,94,1,31.746031746031747,31.125827814569536
2021,Devonta Freeman,29,NYG,86,133,276,576,2,5,47,300,3,35.338345864661655,52.083333333333336
2021,Ty Johnson,24,2TM,72,61,295,238,1,2,11,57,1,18.0327868852459,23.949579831932773
2021,Ty Johnson,24,2TM,68,61,348,238,2,2,7,110,0,11.475409836065573,46.21848739495798
2021,Ty Johnson,24,2TM,81,61,305,238,1,2,20,67,1,32.78688524590164,28.15126050420168
2021,Ty Johnson,24,NYJ,67,61,327,238,1,2,6,89,1,9.836065573770492,37.39495798319328
2021,Ty Johnson,24,NYJ,84,61,400,238,2,2,23,162,0,37.704918032786885,68.0672268907563
2021,Ty Johnson,24,NYJ,74,61,334,238,1,2,13,96,1,21.311475409836067,40.33613445378151
2021,Baker Mayfield,26,CLE,35,37,133,134,1,1,2,1,0,5.405405405405405,0.746268656716418
2021,Teddy Bridgewater,29,CAR,46,30,209,106,2,2,16,103,0,53.333333333333336,97.16981132075472
2021,Carson Wentz,29,PHI,43,57,205,215,2,1,14,10,1,24.56140350877193,4.651162790697675
2021,Jared Goff,27,LAR,35,17,114,87,2,0,18,27,2,105.88235294117646,31.03448275862069
2022,Jonathan Taylor,23,IND,311,192,1355,861,12,4,119,494,8,61.979166666666664,57.37514518002323
2022,Najee Harris,24,PIT,274,272,1156,1034,8,7,2,122,1,0.7352941176470589,11.798839458413926
2022,Joe Mixon,26,CIN,238,210,998,814,7,7,28,184,0,13.333333333333334,22.604422604422606
2022,Antonio Gibson,24,WAS,221,149,838,546,4,3,72,292,1,48.32214765100671,53.47985347985348
2022,Dalvin Cook,27,MIN,212,264,912,1173,5,8,52,261,3,19.696969696969695,22.25063938618926
2022,Alvin Kamara,27,NOR,199,223,805,897,5,2,24,92,3,10.762331838565023,10.256410256410257
2022,Ezekiel Elliott,27,DAL,165,231,613,876,4,12,66,263,8,28.571428571428573,30.022831050228312
2022,Nick Chubb,27,CLE,196,302,970,1525,5,12,106,555,7,35.09933774834437,36.39344262295082
2022,David Montgomery,25,CHI,185,201,732,801,4,5,16,69,1,7.960199004975125,8.614232209737828
2022,Derrick Henry,28,TEN,198,349,816,1538,5,13,151,722,8,43.26647564469914,46.94408322496749
2022,Josh Jacobs,24,LVR,191,340,711,1653,4,12,149,942,8,43.8235294117647,56.98729582577133
2022,Sony Michel,27,LAR,135,36,469,106,3,0,99,363,3,275.0,342.45283018867923
2022,Elijah Mitchell,24,SFO,230,45,983,279,5,2,185,704,3,411.1111111111111,252.32974910394265
2022,Austin Ekeler,27,LAC,193,204,826,915,6,13,11,89,7,5.392156862745098,9.726775956284152
2022,Melvin Gordon,29,DEN,143,90,598,318,5,2,53,280,3,58.888888888888886,88.0503144654088
2022,Javonte Williams,22,DEN,178,47,768,204,4,0,131,564,4,278.72340425531917,276.47058823529414
2022,James Conner,27,ARI,138,183,526,782,7,7,45,256,0,24.59016393442623,32.73657289002558
2022,Damien Harris,25,NWE,185,106,733,462,6,3,79,271,3,74.52830188679245,58.65800865800866
2022,Devin Singletary,25,BUF,149,177,629,819,5,5,28,190,0,15.819209039548022,23.1990231990232
2022,AJ Dillon,24,GNB,149,186,661,770,4,7,37,109,3,19.892473118279568,14.155844155844155
2022,Leonard Fournette,27,TAM,182,189,819,668,5,3,7,151,2,3.7037037037037037,22.604790419161677
2022,Myles Gaskin,25,MIA,102,10,358,26,2,0,92,332,2,920.0,1276.923076923077
2022,Chuba Hubbard,23,CAR,112,95,456,466,2,2,17,10,0,17.894736842105264,2.1459227467811157
2022,Aaron Jones,28,GNB,140,213,636,1121,4,2,73,485,2,34.27230046948357,43.26494201605709
2022,James Robinson,24,JAX,155,110,724,425,4,3,45,299,1,40.90909090909091,70.3529411764706
2022,Saquon Barkley,25,NYG,114,295,442,1312,2,10,181,870,8,61.355932203389834,66.3109756097561
2022,Mark Ingram,33,2TM,69,62,273,233,1,1,7,40,0,11.290322580645162,17.167381974248926
2022,Mark Ingram,33,2TM,97,62,285,233,2,1,35,52,1,56.45161290322581,22.317596566523605
2022,Mark Ingram,33,2TM,70,62,252,233,1,1,8,19,0,12.903225806451612,8.15450643776824
2022,Mark Ingram,33,HOU,77,62,335,233,2,1,15,102,1,24.193548387096776,43.776824034334766
2022,Mark Ingram,33,HOU,87,62,314,233,2,1,25,81,1,40.32258064516129,34.76394849785408
2022,Mark Ingram,33,HOU,85,62,323,233,2,1,23,90,1,37.096774193548384,38.62660944206009
2022,Mark Ingram,33,NOR,95,62,427,233,3,1,33,194,2,53.225806451612904,83.2618025751073
2022,Mark Ingram,33,NOR,79,62,362,233,2,1,17,129,1,27.419354838709676,55.36480686695279
2022,Mark Ingram,33,NOR,89,62,407,233,2,1,27,174,1,43.54838709677419,74.67811158798283
2022,Cordarrelle Patterson,31,ATL,115,144,462,695,4,8,29,233,4,20.13888888888889,33.52517985611511
2022,Jamaal Williams,27,DET,107,262,427,1066,2,17,155,639,15,59.16030534351145,59.9437148217636
2022,D'Andre Swift,23,DET,162,99,706,542,4,5,63,164,1,63.63636363636363,30.25830258302583
2022,Darrell Henderson,25,LAR,141,70,599,283,4,3,71,316,1,101.42857142857143,111.66077738515901
2022,Michael Carter,23,NYJ,116,114,483,402,2,3,2,81,1,1.7543859649122806,20.149253731343283
2022,Darrel Williams,27,KAN,105,21,474,102,2,1,84,372,1,400.0,364.70588235294116
2022,Jalen Hurts,24,PHI,104,165,545,760,4,13,61,215,9,36.96969696969697,28.289473684210527
2022,Mike Davis,29,ATL,70,8,254,18,1,0,62,236,1,775.0,1311.111111111111
2022,Miles Sanders,25,PHI,160,259,703,1269,3,11,99,566,8,38.22393822393823,44.602048857368004
2022,Alexander Mattison,24,MIN,105,74,467,283,1,5,31,184,4,41.891891891891895,65.01766784452296
2022,D'Onta Foreman,26,TEN,155,203,581,914,4,5,48,333,1,23.645320197044335,36.433260393873084
2022,Lamar Jackson,25,BAL,117,112,620,764,4,3,5,144,1,4.464285714285714,18.848167539267017
2022,Rhamondre Stevenson,24,NWE,158,210,706,1040,3,5,52,334,2,24.761904761904763,32.11538461538461
2022,Tony Pollard,25,DAL,157,193,817,1007,4,9,36,190,5,18.65284974093264,18.867924528301888
2022,Josh Allen,26,BUF,102,124,540,762,3,7,22,222,4,17.741935483870968,29.133858267716537
2022,Rex Burkhead,32,HOU,58,26,238,80,1,0,32,158,1,123.07692307692308,197.5
2022,Clyde Edwards-Helaire,23,KAN,149,71,636,302,4,3,78,334,1,109.85915492957747,110.59602649006622
2022,Latavius Murray,32,BAL,81,171,294,760,2,6,90,466,4,52.63157894736842,61.31578947368421
2022,Rashaad Penny,26,SEA,185,57,909,346,4,2,128,563,2,224.56140350877192,162.71676300578034
2022,Chase Edmonds,26,ARI,135,68,557,245,3,2,67,312,1,98.52941176470588,127.34693877551021
2022,Khalil Herbert,24,CHI,94,129,364,731,2,4,35,367,2,27.131782945736433,50.205198358413135
2022,Ronald Jones II,25,TAM,82,17,264,70,2,1,65,194,1,382.3529411764706,277.14285714285717
2022,D'Ernest Johnson,26,CLE,93,4,368,17,2,0,89,351,2,2225.0,2064.705882352941
2022,Christian McCaffrey,26,CAR,159,244,694,1139,3,8,85,445,5,34.83606557377049,39.06935908691835
2022,Zack Moss,25,BUF,89,93,367,456,2,1,4,89,1,4.301075268817204,19.517543859649123
2022,Kyler Murray,25,ARI,67,67,333,418,2,3,0,85,1,0.0,20.33492822966507
2022,Phillip Lindsay,28,2TM,69,15,265,49,1,0,54,216,1,360.0,440.81632653061223
2022,Phillip Lindsay,28,2TM,67,15,312,49,1,0,52,263,1,346.6666666666667,536.734693877551
2022,Phillip Lindsay,28,2TM,81,15,332,49,2,0,66,283,2,440.0,577.5510204081633
2022,Phillip Lindsay,28,HOU,46,15,247,49,1,0,31,198,1,206.66666666666666,404.0816326530612
2022,Phillip Lindsay,28,HOU,44,15,130,49,1,0,29,81,1,193.33333333333334,165.30612244897958
2022,Phillip Lindsay,28,HOU,46,15,193,49,1,0,31,144,1,206.66666666666666,293.8775510204082
2022,Boston Scott,27,PHI,62,54,243,217,2,3,8,26,1,14.814814814814815,11.981566820276498
2022,Jordan Howard,28,PHI,135,1,509,1,3,0,134,508,3,13400.0,50800.0
2022,Tevin Coleman,29,NYJ,73,12,304,26,2,1,61,278,1,508.3333333333333,1069.2307692307693
2022,Jeff Wilson,27,SFO,79,176,327,860,3,5,97,533,2,55.11363636363637,61.97674418604651
2022,Kareem Hunt,27,CLE,135,123,550,468,3,3,12,82,0,9.75609756097561,17.521367521367523
2022,Trevor Lawrence,23,JAX,52,62,259,291,2,5,10,32,3,16.129032258064516,10.996563573883162
2022,Justin Fields,23,CHI,76,160,420,1143,4,8,84,723,4,52.5,63.25459317585302
2022,Duke Johnson,29,MIA,134,2,510,4,3,0,132,506,3,6600.0,12650.0
2022,Taysom Hill,32,NOR,54,96,276,575,3,7,42,299,4,43.75,52.0
2022,Kenneth Gainwell,23,PHI,68,53,284,240,2,4,15,44,2,28.30188679245283,18.333333333333332
2022,Justin Jackson,26,LAC,91,42,339,170,2,1,49,169,1,116.66666666666667,99.41176470588235
2022,Jaret Patterson,23,WAS,90,17,346,78,2,0,73,268,2,429.4117647058824,343.5897435897436
2022,David Johnson,31,HOU,46,12,196,24,2,0,34,172,2,283.3333333333333,716.6666666666666
2022,Patrick Mahomes,27,KAN,49,61,241,358,2,4,12,117,2,19.672131147540984,32.68156424581006
2022,Kenyan Drake,28,LVR,67,109,233,482,2,4,42,249,2,38.53211009174312,51.6597510373444
2022,Justin Herbert,24,LAC,56,54,274,147,2,0,2,127,2,3.7037037037037037,86.39455782312925
2022,Daniel Jones,25,NYG,47,120,252,708,1,7,73,456,6,60.833333333333336,64.40677966101696
2022,Ty Johnson,25,NYJ,64,30,259,160,1,1,34,99,0,113.33333333333333,61.875
2022,Taylor Heinicke,29,WAS,46,28,230,96,1,1,18,134,0,64.28571428571429,139.58333333333334
2022,Deebo Samuel,26,SFO,51,42,266,232,2,3,9,34,1,21.428571428571427,14.655172413793103
2022,Carson Wentz,30,IND,36,22,152,86,1,1,14,66,0,63.63636363636363,76.74418604651163
2022,Dontrell Hilliard,27,TEN,76,22,387,145,2,0,54,242,2,245.45454545454547,166.89655172413794
2022,Nyheim Hines,26,IND,51,24,199,33,1,1,27,166,0,112.5,503.030303030303
2022,Royce Freeman,26,2TM,36,41,144,117,1,0,5,27,1,12.195121951219512,23.076923076923077
2022,Royce Freeman,26,2TM,45,41,199,117,2,0,4,82,2,9.75609756097561,70.08547008547009
2022,Royce Freeman,26,2TM,44,41,187,117,1,0,3,70,1,7.317073170731708,59.82905982905983
2022,Samaje Perine,27,CIN,60,95,225,394,1,2,35,169,1,36.8421052631579,42.89340101522843
2022,Craig Reynolds,26,DET,103,23,427,102,2,0,80,325,2,347.82608695652175,318.62745098039215
2022,Ryan Tannehill,34,TEN,39,34,165,98,2,2,5,67,0,14.705882352941176,68.36734693877551
2022,Salvon Ahmed,24,MIA,81,12,251,64,1,1,69,187,0,575.0,292.1875
2022,Tony Jones,25,NOR,46,10,166,24,1,0,36,142,1,360.0,591.6666666666666
2022,Ameer Abdullah,29,2TM,39,4,153,20,0,0,35,133,0,875.0,665.0
2022,Ameer Abdullah,29,2TM,38,4,143,20,1,0,34,123,1,850.0,615.0
2022,Ameer Abdullah,29,2TM,35,4,138,20,0,0,31,118,0,775.0,590.0
2023,Derrick Henry,29,TEN,236,280,1164,1167,8,12,44,3,4,15.714285714285714,0.2570694087403599
2023,Josh Jacobs,25,LVR,316,233,1357,805,10,6,83,552,4,35.622317596566525,68.57142857142857
2023,Nick Chubb,28,CLE,238,28,1140,170,7,0,210,970,7,750.0,570.5882352941177
2023,Saquon Barkley,26,NYG,284,247,1212,962,7,6,37,250,1,14.979757085020243,25.987525987525988
2023,Najee Harris,25,PIT,211,255,769,1035,4,8,44,266,4,17.254901960784313,25.70048309178744
2023,Dalvin Cook,28,MIN,188,67,744,214,3,0,121,530,3,180.59701492537314,247.66355140186917
2023,Jamaal Williams,28,DET,161,106,653,306,6,1,55,347,5,51.886792452830186,113.39869281045752
2023,Miles Sanders,26,PHI,207,129,920,432,5,1,78,488,4,60.46511627906977,112.96296296296296
2023,Christian McCaffrey,27,2TM,212,272,903,1459,5,14,60,556,9,22.058823529411764,38.10829335161069
2023,Christian McCaffrey,27,2TM,196,272,769,1459,4,14,76,690,10,27.941176470588236,47.292666209732694
2023,Christian McCaffrey,27,2TM,188,272,812,1459,4,14,84,647,10,30.88235294117647,44.34544208361892
2023,Christian McCaffrey,27,CAR,187,272,850,1459,6,14,85,609,8,31.25,41.74091843728581
2023,Christian McCaffrey,27,CAR,177,272,775,1459,4,14,95,684,10,34.9264705882353,46.88142563399589
2023,Christian McCaffrey,27,CAR,173,272,795,1459,5,14,99,664,9,36.39705882352941,45.5106237148732
2023,Christian McCaffrey,27,SFO,193,272,823,1459,6,14,79,636,8,29.044117647058822,43.59150102810144
2023,Christian McCaffrey,27,SFO,168,272,657,1459,4,14,104,802,10,38.23529411764706,54.96915695681974
2023,Christian McCaffrey,27,SFO,181,272,780,1459,5,14,91,679,9,33.455882352941174,46.538725154215214
2023,Ezekiel Elliott,28,DAL,143,184,559,642,5,3,41,83,2,22.282608695652176,12.928348909657322
2023,Kenneth Walker III,23,SEA,224,219,937,905,6,8,5,32,2,2.2831050228310503,3.5359116022099446
2023,Alvin Kamara,28,NOR,188,180,816,694,4,5,8,122,1,4.444444444444445,17.579250720461093
2023,Travis Etienne,24,JAX,205,267,893,1008,4,11,62,115,7,23.220973782771537,11.408730158730158
2023,Dameon Pierce,23,HOU,185,145,755,416,4,2,40,339,2,27.586206896551722,81.49038461538461
2023,Aaron Jones,29,GNB,191,142,826,656,4,2,49,170,2,34.50704225352113,25.914634146341463
2023,Tyler Allgeier,23,ATL,194,186,784,683,4,4,8,101,0,4.301075268817204,14.787701317715959
2023,Joe Mixon,27,CIN,190,257,828,1034,5,9,67,206,4,26.070038910505836,19.922630560928432
2023,Rhamondre Stevenson,25,NWE,232,156,963,619,5,4,76,344,1,48.717948717948715,55.5735056542811
2023,Brian Robinson Jr.,24,WAS,158,178,587,733,3,5,20,146,2,11.235955056179776,19.918144611186904
2023,Austin Ekeler,28,LAC,188,179,765,628,7,5,9,137,2,5.027932960893855,21.81528662420382
2023,D'Onta Foreman,27,CAR,146,109,552,425,3,4,37,127,1,33.944954128440365,29.88235294117647
2023,David Montgomery,26,CHI,143,219,581,1015,3,13,76,434,10,34.70319634703196,42.758620689655174
2023,Tony Pollard,26,DAL,195,252,921,1005,6,6,57,84,0,22.61904761904762,8.35820895522388
2023,Jonathan Taylor,24,IND,170,169,743,741,4,7,1,2,3,0.591715976331361,0.2699055330634278
2023,Leonard Fournette,28,TAM,157,12,611,40,3,0,145,571,3,1208.3333333333333,1427.5
2023,Cam Akers,24,LAR,167,60,669,167,4,2,107,502,2,178.33333333333334,300.5988023952096
2023,AJ Dillon,25,GNB,161,178,664,613,5,2,17,51,3,9.55056179775281,8.31973898858075
2023,James Conner,28,ARI,165,208,632,1040,3,7,43,408,4,20.673076923076923,39.23076923076923
2023,Raheem Mostert,31,MIA,139,209,634,1012,3,18,70,378,15,33.49282296650718,37.351778656126484
2023,Devin Singletary,26,BUF,130,216,579,898,3,4,86,319,1,39.81481481481482,35.52338530066815
2023,Jeff Wilson,28,2TM,145,41,631,188,4,0,104,443,4,253.65853658536585,235.63829787234042
2023,Jeff Wilson,28,2TM,148,41,559,188,3,0,107,371,3,260.9756097560976,197.3404255319149
2023,Jeff Wilson,28,2TM,154,41,650,188,4,0,113,462,4,275.609756097561,245.74468085106383
2023,Jeff Wilson,28,SFO,140,41,547,188,3,0,99,359,3,241.46341463414635,190.95744680851064
2023,Jeff Wilson,28,SFO,134,41,560,188,3,0,93,372,3,226.82926829268294,197.87234042553192
2023,Jeff Wilson,28,SFO,136,41,603,188,3,0,95,415,3,231.70731707317074,220.74468085106383
2023,Jeff Wilson,28,MIA,122,41,496,188,2,0,81,308,2,197.5609756097561,163.82978723404256
2023,Jeff Wilson,28,MIA,130,41,556,188,2,0,89,368,2,217.0731707317073,195.74468085106383
2023,Jeff Wilson,28,MIA,139,41,571,188,3,0,98,383,3,239.02439024390245,203.72340425531914
2023,Latavius Murray,33,2TM,113,79,452,300,4,4,34,152,0,43.037974683544306,50.666666666666664
2023,Latavius Murray,33,2TM,138,79,443,300,4,4,59,143,0,74.68354430379746,47.666666666666664
2023,Latavius Murray,33,2TM,112,79,460,300,4,4,33,160,0,41.77215189873418,53.333333333333336
2023,Latavius Murray,33,DEN,114,79,483,300,3,4,35,183,1,44.30379746835443,61.0
2023,Latavius Murray,33,DEN,140,79,467,300,4,4,61,167,0,77.21518987341773,55.666666666666664
2023,Latavius Murray,33,DEN,114,79,478,300,3,4,35,178,1,44.30379746835443,59.333333333333336
2023,Isiah Pacheco,24,KAN,165,205,670,935,4,7,40,265,3,19.51219512195122,28.342245989304814
2023,Jalen Hurts,25,PHI,104,157,517,605,5,15,53,88,10,33.75796178343949,14.545454545454545
2023,Justin Fields,24,CHI,140,124,668,657,5,4,16,11,1,12.903225806451612,1.67427701674277
2023,Antonio Gibson,25,WAS,86,65,370,265,2,1,21,105,1,32.30769230769231,39.62264150943396
2023,Cordarrelle Patterson,32,ATL,145,50,565,181,4,0,95,384,4,190.0,212.15469613259668
2023,Khalil Herbert,25,CHI,163,132,669,611,4,2,31,58,2,23.484848484848484,9.492635024549918
2023,Rachaad White,24,TAM,82,272,398,990,1,6,190,592,5,69.8529411764706,59.7979797979798
2023,Josh Allen,27,BUF,106,111,528,524,3,15,5,4,12,4.504504504504505,0.7633587786259542
2023,Kareem Hunt,28,CLE,94,135,343,411,2,9,41,68,7,30.37037037037037,16.54501216545012
2023,Daniel Jones,26,NYG,108,40,545,206,3,1,68,339,2,170.0,164.5631067961165
2023,Michael Carter,24,NYJ,56,30,234,187,1,0,26,47,1,86.66666666666667,25.13368983957219
2023,Lamar Jackson,26,BAL,106,148,572,821,4,5,42,249,1,28.37837837837838,30.328867235079173
2023,James Robinson,25,2TM,89,1,355,2,2,0,88,353,2,8800.0,17650.0
2023,James Robinson,25,2TM,91,1,339,2,2,0,90,337,2,9000.0,16850.0
2023,James Robinson,25,2TM,114,1,410,2,3,0,113,408,3,11300.0,20400.0
2023,James Robinson,25,JAX,104,1,454,2,2,0,103,452,2,10300.0,22600.0
2023,James Robinson,25,JAX,113,1,442,2,2,0,112,440,2,11200.0,22000.0
2023,James Robinson,25,JAX,100,1,442,2,2,0,99,440,2,9900.0,22000.0
2023,Kenyan Drake,29,BAL,80,2,355,0,2,0,78,355,2,3900.0,0.0
2023,Damien Harris,26,NWE,83,23,342,94,2,1,60,248,1,260.8695652173913,263.82978723404256
2023,D'Andre Swift,24,DET,88,229,440,1049,2,5,141,609,3,61.572052401746724,58.05529075309819
2023,Taysom Hill,33,NOR,74,81,350,401,3,4,7,51,1,8.641975308641975,12.718204488778055
2023,Chuba Hubbard,24,CAR,127,238,583,902,3,5,111,319,2,46.63865546218487,35.36585365853659
2023,Samaje Perine,28,CIN,71,53,255,238,1,1,18,17,0,33.9622641509434,7.142857142857143
2023,Zack Moss,26,2TM,102,183,428,794,2,5,81,366,3,44.26229508196721,46.095717884130984
2023,Zack Moss,26,2TM,111,183,433,794,2,5,72,361,3,39.34426229508197,45.46599496221663
2023,Zack Moss,26,2TM,99,183,424,794,2,5,84,370,3,45.90163934426229,46.59949622166247
2023,Zack Moss,26,IND,100,183,423,794,2,5,83,371,3,45.3551912568306,46.72544080604534
2023,Zack Moss,26,IND,103,183,451,794,2,5,80,343,3,43.71584699453552,43.19899244332494
2023,Zack Moss,26,IND,101,183,433,794,2,5,82,361,3,44.80874316939891,45.46599496221663
2023,J.K. Dobbins,25,BAL,146,8,581,22,4,1,138,559,3,1725.0,2540.909090909091
2023,Melvin Gordon,30,DEN,81,26,379,81,2,1,55,298,1,211.53846153846155,367.9012345679012
2023,James Cook,24,BUF,104,237,412,1122,2,2,133,710,0,56.118143459915615,63.27985739750446
2023,Gus Edwards,28,BAL,104,198,495,810,3,13,94,315,10,47.474747474747474,38.888888888888886
2023,Zonovan Knight,22,NYJ,129,3,514,13,2,0,126,501,2,4200.0,3853.846153846154
2023,Marcus Mariota,30,ATL,61,8,302,52,2,0,53,250,2,662.5,480.7692307692308
2023,Breece Hall,22,NYJ,181,223,885,994,6,5,42,109,1,18.83408071748879,10.96579476861167
2023,Jaylen Warren,25,PIT,100,149,374,784,2,4,49,410,2,32.88590604026846,52.295918367346935
2023,Joe Burrow,27,CIN,52,31,248,88,2,0,21,160,2,67.74193548387096,181.8181818181818
2023,Alexander Mattison,25,MIN,82,180,289,700,2,0,98,411,2,54.44444444444444,58.714285714285715
2023,Jerick McKinnon,31,KAN,76,21,344,60,2,1,55,284,1,261.9047619047619,473.3333333333333
2023,Clyde Edwards-Helaire,24,KAN,71,70,350,223,1,1,1,127,0,1.4285714285714286,56.95067264573991
2023,Darrell Henderson,26,LAR,61,46,256,112,1,2,15,144,1,32.608695652173914,128.57142857142858
2023,Joshua Kelley,26,LAC,76,107,327,405,1,2,31,78,1,28.97196261682243,19.25925925925926
2023,Deon Jackson,24,IND,72,14,260,16,1,0,58,244,1,414.2857142857143,1525.0
2023,Geno Smith,33,SEA,42,37,221,155,2,1,5,66,1,13.513513513513514,42.58064516129032
2023,Chase Edmonds,27,2TM,50,49,186,176,1,0,1,10,1,2.0408163265306123,5.681818181818182
2023,Chase Edmonds,27,2TM,61,49,226,176,1,0,12,50,1,24.489795918367346,28.40909090909091
2023,Chase Edmonds,27,2TM,64,49,253,176,1,0,15,77,1,30.612244897959183,43.75
2023,Kyler Murray,26,ARI,72,44,415,244,3,3,28,171,0,63.63636363636363,70.08196721311475
2023,Trevor Lawrence,24,JAX,47,70,228,339,2,4,23,111,2,32.857142857142854,32.743362831858406
2023,Patrick Mahomes,28,KAN,50,75,240,389,2,0,25,149,2,33.333333333333336,38.303341902313626
2023,Rashaad Penny,27,SEA,133,11,580,33,4,0,122,547,4,1109.090909090909,1657.5757575757575
2023,Kenny Pickett,25,PIT,48,42,228,54,1,1,6,174,0,14.285714285714286,322.22222222222223
2023,Russell Wilson,35,DEN,40,80,195,341,2,3,40,146,1,50.0,42.81524926686217
2023,Matt Breida,28,NYG,45,55,212,151,1,1,10,61,0,18.181818181818183,40.397350993377486
2023,Justin Herbert,25,LAC,38,52,117,228,1,3,14,111,2,26.923076923076923,48.68421052631579
2023,Boston Scott,28,PHI,57,20,201,86,1,0,37,115,1,185.0,133.72093023255815
2023,Kenneth Gainwell,24,PHI,84,84,265,364,1,2,0,99,1,0.0,27.197802197802197
2024,Derrick Henry,30,TEN,206,325,884,1921,4,16,119,1037,12,36.61538461538461,53.982300884955755
2024,Christian McCaffrey,28,SFO,244,50,1154,202,9,0,194,952,9,388.0,471.28712871287127
2024,Rachaad White,25,TAM,226,144,895,613,5,3,82,282,2,56.94444444444444,46.00326264274062
2024,Travis Etienne,25,JAX,231,150,906,558,5,2,81,348,3,54.0,62.365591397849464
2024,Joe Mixon,28,CIN,177,245,766,1016,4,11,68,250,7,27.755102040816325,24.606299212598426
2024,Najee Harris,26,PIT,175,263,678,1043,4,6,88,365,2,33.460076045627375,34.99520613614573
2024,Tony Pollard,27,DAL,180,260,646,1079,3,5,80,433,2,30.76923076923077,40.12974976830399
2024,Saquon Barkley,27,NYG,177,345,710,2005,4,13,168,1295,9,48.69565217391305,64.58852867830424
2024,Chuba Hubbard,25,CAR,148,250,606,1195,3,10,102,589,7,40.8,49.28870292887029
2024,James Cook,25,BUF,208,207,826,1009,3,16,1,183,13,0.4830917874396135,18.13676907829534
2024,Josh Jacobs,26,LVR,187,301,692,1329,4,15,114,637,11,37.87375415282392,47.93077501881113
2024,D'Andre Swift,25,PHI,202,253,818,959,4,6,51,141,2,20.158102766798418,14.70281543274244
2024,Kyren Williams,24,LAR,233,316,1061,1299,7,14,83,238,7,26.265822784810126,18.32178598922248
2024,Breece Hall,23,NYJ,220,209,943,876,5,5,11,67,0,5.2631578947368425,7.648401826484018
2024,David Montgomery,27,DET,183,185,789,775,5,12,2,14,7,1.0810810810810811,1.8064516129032258
2024,Kenneth Walker III,24,SEA,164,153,615,573,5,7,11,42,2,7.189542483660131,7.329842931937173
2024,Javonte Williams,24,DEN,132,139,507,513,2,4,7,6,2,5.0359712230215825,1.1695906432748537
2024,Devin Singletary,27,HOU,146,113,562,437,3,4,33,125,1,29.20353982300885,28.60411899313501
2024,Bijan Robinson,22,ATL,208,304,885,1456,5,14,96,571,9,31.57894736842105,39.217032967032964
2024,Raheem Mostert,32,MIA,164,85,705,278,7,2,79,427,5,92.94117647058823,153.59712230215828
2024,James Conner,29,ARI,180,236,798,1094,5,8,56,296,3,23.728813559322035,27.056672760511884
2024,Isiah Pacheco,25,KAN,181,83,729,310,5,1,98,419,4,118.07228915662651,135.16129032258064
2024,Jerome Ford,25,CLE,135,104,572,565,3,3,31,7,0,29.807692307692307,1.238938053097345
2024,Gus Edwards,29,BAL,143,101,558,365,7,4,42,193,3,41.584158415841586,52.87671232876713
2024,Tyler Allgeier,24,ATL,134,137,614,644,3,3,3,30,0,2.18978102189781,4.658385093167702
2024,Ezekiel Elliott,29,NWE,110,74,472,226,2,3,36,246,1,48.648648648648646,108.84955752212389
2024,Zack Moss,27,IND,130,74,568,242,4,2,56,326,2,75.67567567567568,134.71074380165288
2024,Jahmyr Gibbs,22,DET,212,250,861,1412,6,16,38,551,10,15.2,39.022662889518415
2024,Alvin Kamara,29,NOR,173,228,746,950,4,6,55,204,2,24.12280701754386,21.473684210526315
2024,Alexander Mattison,26,MIN,111,132,467,420,2,4,21,47,2,15.909090909090908,11.19047619047619
2024,Austin Ekeler,29,LAC,118,77,473,367,2,4,41,106,2,53.246753246753244,28.88283378746594
2024,Brian Robinson Jr.,25,WAS,130,187,606,799,3,8,57,193,5,30.481283422459892,24.155193992490613
2024,Jonathan Taylor,25,IND,222,303,813,1431,6,11,81,618,5,26.73267326732673,43.18658280922432
2024,Jalen Hurts,26,PHI,116,150,479,630,4,14,34,151,10,22.666666666666668,23.96825396825397
2024,Rhamondre Stevenson,26,NWE,114,207,471,801,2,7,93,330,5,44.927536231884055,41.19850187265918
2024,Jaylen Warren,26,PIT,162,120,780,511,5,1,42,269,4,35.0,52.64187866927593
2024,Lamar Jackson,27,BAL,106,139,516,915,4,4,33,399,0,23.741007194244606,43.60655737704918
2024,Dameon Pierce,24,HOU,92,40,334,293,2,2,52,41,0,130.0,13.993174061433447
2024,Aaron Jones,30,GNB,144,255,606,1138,3,5,111,532,2,43.529411764705884,46.748681898066785
2024,Kareem Hunt,29,CLE,82,200,308,728,3,7,118,420,4,59.0,57.69230769230769
2024,Khalil Herbert,26,CHI,150,36,601,130,3,1,114,471,2,316.6666666666667,362.3076923076923
2024,Miles Sanders,27,CAR,80,55,319,205,1,2,25,114,1,45.45454545454545,55.609756097560975
2024,Justin Fields,25,CHI,105,62,534,289,3,5,43,245,2,69.35483870967742,84.77508650519032
2024,Josh Allen,28,BUF,66,102,349,531,3,12,36,182,9,35.294117647058826,34.27495291902071
2024,D'Onta Foreman,28,CHI,116,71,419,232,3,0,45,187,3,63.38028169014085,80.60344827586206
2024,Zach Charbonnet,23,SEA,98,135,453,569,2,8,37,116,6,27.40740740740741,20.38664323374341
2024,Joshua Kelley,27,LAC,74,1,238,2,1,0,73,236,1,7300.0,11800.0
2024,Jamaal Williams,29,NOR,90,48,298,164,2,1,42,134,1,87.5,81.70731707317073
2024,Zamir White,25,LVR,80,65,305,183,1,1,15,122,0,23.076923076923077,66.66666666666667
2024,De'Von Achane,23,MIA,194,203,961,907,6,6,9,54,0,4.433497536945813,5.953693495038589
2024,Ty Chandler,26,MIN,72,56,299,182,1,0,16,117,1,28.571428571428573,64.28571428571429
2024,Tyjae Spears,23,TEN,109,84,392,312,1,4,25,80,3,29.761904761904763,25.641025641025642
2024,Rico Dowdle,26,DAL,77,235,298,1079,2,2,158,781,0,67.23404255319149,72.38183503243744
2024,Kenneth Gainwell,25,PHI,73,75,294,290,1,1,2,4,0,2.6666666666666665,1.3793103448275863
2024,Justice Hill,27,BAL,60,47,258,228,1,1,13,30,0,27.659574468085108,13.157894736842104
2024,Taysom Hill,34,NOR,55,39,276,278,3,6,16,2,3,41.02564102564103,0.7194244604316546
2024,Roschon Johnson,23,CHI,99,55,348,150,2,6,44,198,4,80.0,132.0
2024,Russell Wilson,36,DEN,39,43,192,155,2,2,4,37,0,9.30232558139535,23.870967741935484
2024,Joshua Dobbs,29,2TM,70,9,342,24,2,2,61,318,0,677.7777777777778,1325.0
2024,Jaleel McLaughlin,24,DEN,78,113,343,496,2,1,35,153,1,30.97345132743363,30.846774193548388
2024,Patrick Mahomes,29,KAN,60,58,300,307,2,2,2,7,0,3.4482758620689653,2.2801302931596092
2024,Clyde Edwards-Helaire,25,KAN,63,13,216,46,1,0,50,170,1,384.61538461538464,369.5652173913044
2024,Trevor Lawrence,25,JAX,51,26,242,119,2,3,25,123,1,96.15384615384616,103.36134453781513
2024,Dalvin Cook,29,NYJ,85,8,240,20,1,0,77,220,1,962.5,1100.0
2024,Antonio Gibson,26,WAS,64,120,240,538,1,1,56,298,0,46.666666666666664,55.39033457249071
2024,Pierre Strong,26,CLE,68,26,268,108,1,0,42,160,1,161.53846153846155,148.14814814814815
2024,Baker Mayfield,29,TAM,34,60,124,378,1,3,26,254,2,43.333333333333336,67.19576719576719
2024,Cam Akers,25,2TM,83,104,300,444,2,2,21,144,0,20.192307692307693,32.432432432432435
2024,Cam Akers,25,2TM,103,104,415,444,3,2,1,29,1,0.9615384615384616,6.531531531531532
2024,Cam Akers,25,2TM,83,104,300,444,2,2,21,144,0,20.192307692307693,32.432432432432435
2024,Emari Demercado,25,ARI,64,24,261,223,1,1,40,38,0,166.66666666666666,17.04035874439462
2024,Dak Prescott,31,DAL,44,13,201,54,1,1,31,147,0,238.46153846153845,272.22222222222223
2024,Samaje Perine,29,DEN,55,20,239,92,1,1,35,147,0,175.0,159.7826086956522
2024,Desmond Ridder,25,ATL,42,9,190,36,3,0,33,154,3,366.6666666666667,427.77777777777777
2024,Justin Herbert,26,LAC,48,69,294,306,1,2,21,12,1,30.434782608695652,3.9215686274509802
2024,Chris Rodriguez,24,WAS,91,35,402,173,2,2,56,229,0,160.0,132.36994219653178
2024,Tank Bigsby,23,JAX,49,168,201,766,1,7,119,565,6,70.83333333333333,73.7597911227154
2024,Jordan Love,26,GNB,43,25,195,83,1,1,18,112,0,72.0,134.93975903614458
2024,Cordarrelle Patterson,33,ATL,38,32,121,135,1,0,6,14,1,18.75,10.37037037037037
